1939
2
242
235
236
237
238
239
240
241
244
247
245
246
231
232
233
234
224
225
226
227
228
214
215
218
219
220
196
217
203
202
200
201
198
197
194
195
221
222
223
192
191
190
189
186
187
188
166
167
168
100
99
102
103
104
108
110
105
106
107
173
174
121
120
119
157
158
159
160
175
161
162
163
165
184
183
182
178
156
152
151
177
176
181
180
179
146
145
144
199
193
185
164
172
171
170
169
101
92
91
90
98
97
96
95
94
93
80
109
89
81
79
82
86
87
62
116
113
41
42
43
60
61
118
117
115
114
111
112
88
83
84
85
65
64
58
57
56
55
54
53
48
47
46
45
44
59
63
66
76
67
68
78
77
75
74
73
72
71
70
69
52
51
50
37
36
33
32
29
31
35
34
38
49
39
125
40
30
28
27
26
22
25
23
24
14
13
15
12
11
10
8
9
7
133
132
131
130
129
154
122
123
124
126
127
128
21
20
19
18
17
16
271
272
273
274
275
276
277
6
5
4
1
3
279
249
211
210
209
252
255
256
206
216
213
212
207
208
253
254
257
258
259
261
270
134
155
135
269
268
136
153
150
149
139
138
137
267
266
140
141
142
143
147
148
262
204
265
264
263
205
260
278
248
250
251
230
229
243
0

