1129458
10353
13020
5659
11347
9784
9536
10398
12807
539
3180
5915
7777
8488
8933
10512
14697
7842
12149
1588
130
6851
9661
8849
2400
8386
10379
14489
1569
11865
15104
14929
2961
14571
3571
13183
8676
4777
13043
10391
7785
7145
13213
11753
12203
4606
6737
10654
1908
7084
7258
8076
10653
7600
8953
2298
4298
11291
10110
13769
6723
4560
11020
2065
7788
8726
10975
12264
10222
12307
2290
7138
4956
13791
1624
3761
13677
13996
10169
1032
14898
5177
9524
4162
7408
5841
10199
10154
7868
4195
1440
13302
9685
850
1613
9491
1058
7565
3007
6846
7431
7892
7000
10514
10078
4257
10436
4208
14995
14093
13198
12616
10891
8863
13654
12382
11606
7717
715
12904
11979
10366
10559
12808
3565
13882
13724
6165
13154
9311
268
14086
11748
10315
7703
14582
7737
5162
14461
3742
10897
8864
10932
6631
2223
2220
14522
11886
9421
4169
9844
2662
3780
3559
1645
8718
10558
334
11132
13850
14503
6062
3313
8144
2112
9999
4981
8865
2806
14178
3784
3633
8136
14646
3891
9152
6538
581
4168
5828
15066
6276
10186
4036
8988
4476
9419
305
9046
12686
951
5028
983
14303
11322
2966
9231
13185
4368
3377
12433
10475
2268
8719
9064
740
2282
2104
9716
8566
4470
9079
13314
11690
6272
4325
14322
8073
6583
4356
8320
8905
3885
811
7801
2081
10645
1768
6733
1642
11837
11075
10551
4294
10782
7073
4332
10661
2548
3648
8088
12084
969
8319
14901
5623
3109
9334
1705
8977
14002
3415
13309
8937
4818
2581
14282
9472
2420
10362
2510
13319
11836
2069
13890
7870
3534
13218
1471
10174
3406
6340
280
11815
9394
6277
3116
1466
11479
6984
8250
5968
14658
2149
4038
12641
7880
4353
10419
8418
420
1315
51
6947
11
7643
6711
493
4183
2128
8597
10472
498
3602
2213
283
12422
2399
8569
15083
3466
4801
15027
11826
1397
304
9789
13082
3824
11670
2131
3889
3251
8611
5916
8118
2595
9085
10220
12465
12596
4834
10102
10518
2977
9297
11732
436
8453
10498
788
14984
15074
2678
4848
4839
15111
11187
7006
2032
932
9378
5221
6904
13052
12529
7705
1085
11113
13815
8772
12999
13286
4179
13118
9832
13147
11215
2512
9422
4941
240
12106
12125
9264
9238
12613
10198
14904
2127
14533
13786
13871
1708
3247
12117
12816
4826
5158
7490
10534
4810
15073
7439
14982
13136
11432
10383
14012
6860
54
13563
1120
2045
13367
14504
12867
11163
7229
9054
4331
9390
6944
7714
11123
8102
6301
7943
2144
3256
8113
6980
14042
4241
7810
9608
12108
12780
2184
9480
7546
376
1101
14837
10350
8828
9732
1395
13315
1171
3249
4059
9899
488
13053
422
6988
7641
4689
5709
2593
9032
5764
11903
8657
10502
3120
7583
2304
13332
1619
2445
191
1560
1563
3492
4194
14279
11595
2110
8449
903
7572
7400
12946
3114
2811
8591
8252
3125
10715
6223
1406
8067
8936
9241
13255
2515
116
3255
8195
10530
8736
2667
3423
10630
12204
9347
12329
1909
11513
10797
3461
11947
2815
1436
2699
13016
1842
12671
7637
15064
10660
3683
12219
7231
14511
13142
2107
485
14092
11122
9540
8622
6343
4265
10202
2165
12309
9045
8074
14704
1359
11076
9340
11764
11627
3475
3993
4327
8302
1914
14872
14925
4672
6597
8974
1681
8248
14300
3425
13448
13248
12186
1770
3358
6582
10293
1352
6544
14289
9033
9348
14641
3119
7111
916
11416
4506
13657
12191
6533
11195
12050
2659
8472
9194
4813
14919
6824
8105
3537
14960
12100
2485
2173
14876
14318
11225
6756
13566
9326
1374
13099
5876
4665
201
1996
2454
10473
7689
9102
4664
10155
14732
10812
756
1679
7743
3458
3822
6880
13715
13265
8240
2039
8588
696
6795
14927
14321
6424
7132
3430
7774
9219
3660
8196
3752
6844
1644
12367
9986
7601
1552
14928
11817
14261
15082
8837
1267
5766
12820
1036
11970
11733
4189
12269
10698
11463
5991
6717
8948
5989
8442
8131
8504
1917
1893
14939
5580
2633
7973
14999
10763
10893
1202
5062
1640
8634
4736
5842
9688
6818
6810
12571
4805
3584
15045
7227
10917
10804
7348
4459
492
7385
7399
12873
5586
9232
2624
11326
7204
10132
4187
6318
12041
2141
13294
6753
14465
8056
14789
11648
11959
4378
6209
5872
11787
11061
12311
14274
4407
10895
9552
14441
11958
1102
7986
12252
10374
10847
3210
6623
6295
1416
11658
1294
7946
10376
7107
5835
10369
9003
14843
4180
9415
8354
5440
8832
12864
928
3619
10876
11409
8090
3844
12632
4380
11110
11596
13865
8457
12633
3418
14498
8223
7664
11030
11774
9460
5752
1568
11747
5529
8425
3480
1369
8985
2563
9596
7313
14720
4474
4829
14684
4774
3952
415
5863
421
435
10166
11424
3955
5030
496
5856
7886
2592
7776
12626
3875
1365
5251
1448
1003
10134
2225
3368
7448
11957
7702
8654
9880
14828
1593
8229
9448
425
4856
11825
5851
7014
11549
24
1100
10212
12107
9928
9478
6167
12858
8228
12767
10335
8770
9365
14618
5420
2361
8531
4428
14897
1429
2717
7349
12685
4788
7542
5614
1470
4840
11681
5800
1698
3411
1399
3352
11365
8655
15065
10049
6220
10175
13937
12900
2794
3835
7277
11949
10242
9349
6098
13424
1460
6206
4302
9342
8400
4789
1387
6221
12224
10995
11058
12875
2135
7465
7874
9772
9796
11783
4803
7696
12341
6816
9597
11171
6114
13804
7804
7276
12527
9623
8146
13202
4685
6565
8021
14481
7938
4006
4644
1325
2469
4682
12565
13086
12605
6792
7836
14976
4569
4642
13676
5090
7127
12827
13950
841
11954
1074
8155
4814
2257
15061
2262
7575
12511
10319
10259
4166
7722
625
11894
4589
4763
723
7150
9615
14103
2174
10477
9511
13811
9896
11795
6970
14831
7755
13773
2450
15092
9950
15106
11377
1371
6782
9443
374
6626
3655
10326
1121
5365
7826
6057
14572
528
13687
5760
7243
10028
6091
11898
11896
11086
871
5049
9788
14822
1556
8996
14037
6874
7772
7296
4861
12833
5089
1168
11165
13092
3868
14005
1890
4461
5393
3809
6229
4591
5534
6720
1501
10146
7656
3479
397
8644
10247
8594
2987
11398
1368
12051
2702
3727
9867
10533
3711
11926
5300
11612
13726
8908
7746
9370
14893
4275
4658
834
8819
7840
2997
11693
2169
9209
11500
2147
2047
10411
10513
2726
11950
13087
8409
1229
3859
10640
6715
6539
5612
13355
10496
7043
10213
2501
9449
2565
6219
14933
9418
8492
3893
2052
5558
8734
13039
2494
2170
10570
12829
2790
10547
4540
14200
1405
2679
4280
3635
403
8431
5592
14186
12254
9654
2452
14583
11929
8804
13246
90
1269
1088
6593
10663
8645
6381
1864
11301
2492
11948
12085
14964
11984
7326
7891
7479
10488
12493
11422
8242
4322
7159
14398
1071
7065
14757
8589
4661
7102
11977
13725
14650
7052
12168
10578
1510
2760
11578
12160
7941
10725
2782
11295
9090
10197
795
1975
7686
13565
12818
2321
15033
7039
67
5467
776
8443
8779
10701
9053
10556
13426
7902
7044
14959
15030
13283
8087
7209
8684
6446
10181
7156
4573
5787
14957
10568
1976
7489
11610
14762
11366
14871
9082
1920
8066
6442
11367
8923
364
2082
1348
15015
6728
4624
11830
15090
14810
1844
6546
2473
4590
10712
4504
8077
7789
10459
9055
8384
12512
6237
12081
1136
12343
4525
1851
9014
14719
15036
4649
272
4452
6199
9149
7140
12740
7214
9022
13711
4908
6925
6406
770
1683
6240
2320
14163
7966
8005
13174
3842
4243
8571
537
12277
7363
10575
15034
1252
11613
11494
7954
4202
10678
2066
1029
10168
13159
12244
6455
3899
4643
15080
11526
10450
8518
9168
4479
13776
2417
7726
4509
4270
998
13399
6465
10360
2235
830
4307
2057
213
5820
4881
4215
5783
11828
7184
13279
14838
6834
13121
13583
11579
246
10519
13391
11164
10884
1686
10311
14851
8186
7196
1330
7483
10555
10209
5859
6757
4651
8743
6736
8682
14494
14731
6899
11284
1781
4526
7141
7838
9103
5781
918
11572
12344
10611
7969
11586
6414
4621
5985
10885
8601
1648
920
14539
9145
829
10402
13752
2814
10675
6839
4523
12825
14653
14913
4934
223
8079
12843
10680
2756
6886
10714
1684
10576
255
14432
2731
13325
4133
7802
13475
11645
5591
6718
10539
7080
10481
263
4608
9081
10122
9507
12722
6228
7274
4594
13627
11024
12358
2456
14014
4440
3502
12895
1829
13795
2322
14910
13549
13640
8391
12471
4441
844
12643
6322
6702
13602
7609
4623
7064
8243
7090
363
8680
4570
6437
11803
4574
1678
11116
6200
4214
1586
8530
11963
13994
915
2391
14809
9598
4185
4485
4448
6636
14244
12542
10130
1902
3627
9876
8593
14164
6454
7252
6553
2570
7912
12544
10765
2737
13334
6046
3054
6509
7469
1687
1439
922
4442
4220
293
6840
9222
7273
4354
8179
4883
14981
3441
7480
4579
13259
204
12175
5633
8116
2784
4102
10929
7650
207
10925
6296
12955
7728
13190
13110
4631
2276
13989
10387
11577
8078
4646
1972
12721
6485
4251
8033
15093
8039
8529
4502
1477
10131
8035
690
13821
9338
12316
12892
9621
1503
1641
14351
5986
4500
12918
7114
9136
2245
10030
4617
8126
5304
6389
9909
14595
6491
6033
12372
12911
7585
5290
11927
8474
10371
4507
7901
3462
4613
13289
10886
5070
8057
1109
13545
930
2676
11740
10583
860
14437
10164
12769
6908
2385
14329
812
3749
12325
2669
10139
13102
12912
8297
14997
6460
4582
5532
8678
15011
8810
12819
2287
12548
8338
10650
6854
4315
8036
13433
3397
9318
4599
6464
8024
14690
8037
10723
12937
11449
13276
14907
2208
14162
1834
14251
7256
2101
10961
7392
4213
3836
10312
10618
12954
782
10331
4227
7586
12158
209
771
3863
7264
1746
212
4237
10294
7270
13981
12880
8777
6619
4998
10108
13234
1390
6019
8015
14651
14013
7608
6973
12317
13980
965
4299
8043
10527
8438
1629
3886
12916
2380
1138
13080
1341
1502
9088
6866
13628
2103
6995
11146
781
2418
988
6725
13103
14409
3855
4497
4491
7430
1801
9501
12030
8838
2264
6474
7219
4445
14679
10761
1859
516
14727
10883
4192
10054
819
5075
11688
12624
1614
5081
848
8672
5240
12116
4556
3099
3818
11496
4386
6745
4619
6416
13003
13275
5971
11272
12340
3528
1926
12048
8901
1862
2332
5810
7154
14264
9094
2085
9603
1350
5974
1472
3295
3936
14808
5099
14447
7015
4882
13953
8080
2277
14675
12092
9601
7482
1911
5672
8055
5868
7516
843
11869
7190
6329
7195
438
831
13101
8305
2722
14597
12753
12232
11278
383
3439
12197
12282
10024
10994
1676
6677
14546
13030
5439
6682
1175
5893
8032
5071
10029
11108
1735
10098
7805
14807
13739
4209
11532
2372
350
14990
5283
3107
4607
6738
72
13660
7665
12419
5078
6368
14728
889
11599
5068
5294
14638
13266
2649
10807
5883
8738
388
14267
2758
6365
10069
14213
5102
1910
6279
461
973
5137
8316
5114
1621
14847
3894
13665
8367
13701
10627
5104
14673
789
1777
45
11650
11429
9020
2876
4900
4293
1135
7598
5882
2769
1407
10218
6762
14785
4435
4872
13600
8092
14914
779
9215
13104
6436
2746
10152
12020
2795
15085
12842
13997
5898
10117
6751
14652
12210
1389
13107
11417
14051
6911
9066
10828
7942
4633
2387
2111
11056
13144
13571
4637
6759
8379
4387
6198
339
13012
9566
3082
6743
3115
12469
12230
3085
7271
1592
13011
10522
8767
13443
5362
5550
14049
5892
390
10309
10919
5065
3083
1462
5187
10603
6696
12934
639
13321
3100
799
2377
4733
87
6266
794
6511
13822
7387
1984
1173
6922
3104
13263
5302
4615
5171
9139
12228
4720
5409
12682
2728
7232
3103
5281
8111
1505
531
1637
14857
4994
2765
11539
1631
10090
3113
1094
6005
3869
7659
12089
13576
5879
8001
11726
1736
7394
8617
9560
12579
2073
14518
11533
13603
6207
10720
14426
1401
14978
12018
6289
14671
12651
2822
5897
2704
3311
14281
13959
14812
2711
3553
898
7869
6918
3681
389
840
5647
8638
7362
414
5889
145
2858
9904
1737
3334
7082
5261
2063
9958
5626
3179
5087
2792
5341
7303
1748
798
5145
3647
2371
12575
60
2657
5885
12737
4870
8631
9165
6307
4836
5176
6742
7298
9153
2766
10014
1948
14575
7012
9743
10615
261
1362
4204
5535
9875
6096
13962
8573
2108
9578
9581
2088
14633
3174
6589
1507
807
5275
5399
1237
322
5434
8952
9506
9059
11407
10963
10964
813
4640
7207
4584
9246
13696
5113
13106
14994
609
11368
13978
6270
4648
8042
199
1449
10308
2193
2272
8834
1845
4438
4372
10953
698
8098
10413
2724
13611
3833
7109
4635
11181
7488
6892
11223
5874
11158
2348
6703
8929
4609
11761
8366
702
10745
15014
11501
12768
1861
5984
11851
11193
10400
4568
6825
1069
3020
5135
4113
3645
131
7478
8683
200
1713
704
10123
9626
10403
13889
1594
11115
6902
12418
6981
6982
5080
5792
7816
14263
11919
7268
919
7233
9500
4247
11258
1354
12362
2791
6856
2830
8046
11536
7320
6484
4524
12339
14338
12043
4563
12732
11744
12894
12702
4546
13350
8084
5870
12356
4715
13236
5098
7485
10386
9905
14317
4647
4595
5769
13638
1187
7393
14902
1320
4600
4583
11285
13990
14972
11402
2740
8045
14680
2232
5767
4614
15046
4465
4450
5527
8526
13060
7424
2505
14278
10162
8044
11254
8121
4141
12375
7104
6211
10446
13085
12385
8496
12659
11974
4114
4657
8519
7263
4620
13383
7081
6802
6731
10974
7254
13343
7316
5372
14756
7897
8219
10577
9071
8086
11495
6018
1021
1858
760
14286
10523
4395
4148
7710
6278
9204
12977
4960
12622
8070
13257
10955
9083
13653
13124
9498
7112
4654
13179
10905
14344
3887
791
2244
10786
10318
1366
10216
12933
2409
10613
10487
6463
8999
7317
8212
1386
8440
12656
7481
7682
5713
3066
10428
14799
4350
1130
4931
7416
2610
4240
8187
14798
13267
2250
14245
6652
11517
4232
6955
12757
4952
14361
1950
5397
7515
13481
2921
3390
12924
2446
13605
2255
6334
13347
4239
1500
8435
815
1150
9959
12427
11888
3510
11666
11302
1486
5195
65
5378
12500
10803
10074
13756
4453
5988
5411
1600
1790
5412
13594
1301
10824
327
3134
1219
8971
832
6253
566
260
11194
14332
5622
12811
14970
8954
5673
6468
2308
2294
11414
5303
9089
8596
10535
3883
2279
7135
10801
703
4878
12764
13807
6434
1811
7149
3856
7291
803
4216
10976
7116
3651
4397
10480
4030
3421
10528
1900
6761
2606
11976
4261
13614
7284
12029
972
4198
10612
7588
678
11403
1167
1685
14647
7990
3935
13810
7185
7994
5749
7690
4576
10426
13967
514
4320
15004
398
12023
13162
6709
6505
8362
11028
2143
10506
13295
7655
14786
8047
7251
13780
11268
9920
3149
2875
12171
3016
14814
8920
14485
12461
3432
1523
13694
6679
6670
13641
7474
1346
8792
13149
8307
12097
3166
11033
12987
846
6675
2800
4586
10517
2383
12906
14394
23
14362
9166
3443
5115
4029
12914
12578
14813
13439
10658
14443
12462
12953
11878
1027
2151
354
12192
1778
8009
14878
11521
8034
6231
3896
11864
2221
996
14151
4565
4822
13672
6835
5949
4655
7837
13649
6519
11940
2313
4915
4451
792
6990
13613
12878
14783
12002
4880
13986
6400
7257
6247
5241
11528
14850
11966
274
11529
924
6081
12126
5631
5778
1124
6845
9182
5804
12832
11978
4979
3523
13010
8599
7442
12597
416
11570
5188
6238
7856
543
4311
6754
2993
4645
11121
6153
2253
5280
4528
1456
1875
6262
14198
2390
961
6032
1904
8054
14557
14654
12573
13412
5997
6213
6870
3881
6250
8581
14067
1432
3535
4462
3337
3000
966
921
5705
11021
14063
4456
2604
10594
12238
3380
6488
10659
1480
7899
3951
725
9499
14045
9877
1035
6254
13026
14393
10007
4120
8821
1800
14028
9502
13449
8419
11588
836
13203
10147
11401
7605
3243
13635
12336
2199
14011
8417
13754
11204
44
12181
1661
13608
14238
2463
5607
2902
10187
6118
7661
7345
11683
5807
5149
148
7607
12246
7319
11580
4110
5599
2478
12332
14365
2845
2423
9585
1142
4552
11001
1836
777
3012
3131
10167
5406
11261
3948
5111
7425
2005
7616
11022
6178
2095
14751
4650
2306
13631
4426
1720
14018
1912
6912
2307
10180
12333
8580
11473
12459
6261
6275
8214
13632
2099
1009
10465
6883
11351
13963
7694
15041
14429
13577
1951
11594
2707
1566
9162
2164
2656
2210
11530
2033
11703
11994
13410
14237
360
11220
11652
9485
5350
7968
15003
3438
8798
4193
14777
6267
11525
8517
5608
13595
14053
5044
12943
878
249
6201
1688
826
904
5390
12945
6953
10651
12944
3680
2259
11996
13432
11250
5271
12291
13592
10926
14669
6698
9949
2708
1478
5347
3558
2192
3056
685
5877
2004
12430
11516
14737
2398
2438
3384
6893
13970
14781
6141
4091
935
6268
12434
13779
9948
13403
11982
1934
5737
3304
12088
13823
8239
10942
5121
12473
5743
809
13710
8230
8791
160
14062
13477
14805
523
5079
4927
13719
2536
11574
464
12879
7447
2407
1000
12386
8612
10790
2318
5569
470
349
6072
695
2319
15017
2356
14589
22
14285
4099
5242
5279
650
176
46
5120
14791
12242
7361
9213
1400
5002
12226
7389
4142
3029
692
14568
598
14497
2148
227
12047
4363
8123
13914
12241
7767
11758
5973
14824
13659
599
6
6119
2779
2323
12623
1945
11017
8091
10039
11654
14021
13610
11829
7388
1129
13634
5542
11247
2351
10103
47
3010
11769
3008
9330
14846
892
5975
10005
217
2925
3011
10046
3015
3281
13459
5037
10091
12207
2745
2780
3136
9568
1583
2719
4629
344
10221
4974
6744
4578
3335
14342
7177
5549
5234
14047
2554
10588
14345
1468
5335
14297
11721
11545
623
648
1396
14185
12800
12742
13307
7814
8140
6829
1643
5871
11716
3753
6517
10564
7769
9787
13887
14413
15058
1657
3068
11156
14562
13575
5465
5086
510
4272
13454
11346
12758
5504
1905
12665
7620
1216
12979
12701
9572
10231
9320
11397
5166
6104
9442
392
14718
5731
5496
5544
14312
6819
4806
12851
4726
6778
14766
9550
5031
4683
6768
4762
9392
9683
3069
14621
4987
6128
3355
4895
8342
4871
3094
12940
11327
985
12495
13017
13287
12784
5193
6952
3061
11376
235
13329
6038
1324
2123
14440
13221
13130
13992
171
4888
3738
12649
666
4047
9040
14046
5272
11148
14065
4676
7182
12086
6747
5041
5147
4625
3141
9503
4545
6758
10924
1605
13968
2665
6749
9861
14215
2982
6058
11348
11619
4636
5480
30
4945
4558
6176
9424
5786
5848
2256
6721
8430
2834
8149
804
8158
13009
1270
2155
1243
12761
13440
11705
8706
8955
12716
11743
4457
6710
5414
1022
3330
14992
12172
1712
14442
147
6477
7855
12231
13728
13688
6345
10599
697
11628
5855
3884
6968
5917
1300
2572
12017
754
13931
2812
3282
6954
8516
12208
11924
9240
9253
11571
6557
6249
13658
6355
303
1066
7110
9150
6369
11695
3187
14305
4897
8064
687
14581
6366
14980
6251
3538
13695
10641
6730
6957
7798
981
12625
8156
14605
382
9146
6867
5809
5847
265
2281
13597
4140
10560
1223
8402
1581
5117
6311
8051
9075
14439
3002
7466
13790
2958
13384
1808
12669
8444
75
13008
11240
6248
11105
2612
6227
7285
9187
11217
14265
7301
6123
769
917
12346
7255
14410
13407
13918
4115
7397
3079
3401
2246
2663
7337
1419
13932
4978
3391
5189
5998
1931
460
3175
12948
1817
5999
5602
2637
4985
1443
1028
5471
13513
8053
10962
12551
13478
5865
78
7324
901
5708
4965
2126
34
5074
5692
68
3870
13993
57
8134
8446
12345
1591
12782
12826
7581
7367
3333
7765
1248
10204
12599
14484
8257
746
12159
5249
11246
2727
9496
5278
3609
12801
9313
3878
12222
14860
5197
12984
5866
4997
10814
6069
7865
12667
11150
4126
4492
2999
4972
12098
3318
1906
7857
14050
6181
2040
14483
14596
3296
11651
3067
12733
4616
2353
9753
5109
14320
13812
11961
14663
9133
11622
2502
1530
808
5427
10040
12736
10501
1242
5314
6766
1536
1848
10104
1963
8556
4147
7049
8050
3841
1752
11294
3546
7131
10019
2576
3416
7763
14242
14272
9535
1675
12898
10820
2388
13616
7018
1408
1172
6545
196
11487
11227
5047
11860
8553
14246
3876
10336
10339
6457
9093
14248
4312
2573
1561
8930
1499
13031
10552
1949
4948
4031
7955
14930
10881
958
1452
4902
4155
5950
2130
7079
2574
7867
5770
7217
13675
7347
14032
8197
7464
4670
5765
13745
6865
9086
9599
205
12388
8181
15037
31
11591
12901
252
6208
3701
9492
1347
14538
1317
5315
8348
14890
6202
7773
10126
1377
11288
14882
2761
7309
5914
11955
14973
7951
11137
10323
778
1557
4394
6933
5539
2138
14674
1225
14298
14845
4396
8330
14965
14811
11221
6996
4852
10200
13922
7730
3500
1966
7647
8614
4588
6397
1517
11159
8454
6606
1075
4585
547
2713
3692
13063
11296
3834
15056
12143
2729
12326
1901
10507
13691
7333
8615
10777
8016
4376
12368
4245
6203
4398
6853
13976
13656
8748
2263
1787
4671
10401
4666
8065
9627
13156
667
2786
12290
11786
13346
91
12046
8293
163
2437
4218
7061
12281
13886
10478
8333
9100
2477
13975
4627
13105
14911
10954
2113
1841
2330
8060
15026
827
10548
3817
14411
10490
1567
823
11454
7415
93
14877
11023
7259
10230
824
4490
8204
1326
11541
9488
4866
2106
7778
195
7311
7797
10322
10789
7261
14161
12876
5768
11472
2819
10520
6510
4604
12714
13193
10440
1797
997
6571
10384
979
12056
11428
8621
6478
13751
772
1799
15013
10129
11298
7148
12595
7352
49
825
5116
5317
11590
6724
12280
10142
9144
7297
6321
10207
13678
1097
8737
6755
4210
10637
10902
5794
579
10791
10965
11818
247
6438
6401
10160
4160
548
9243
15089
6620
10766
14333
7153
6260
12660
14645
849
1217
6298
7119
9117
10674
192
4989
9122
999
7089
5978
14636
1497
10210
11226
10958
1364
7215
6154
15009
3838
810
4439
4653
13991
1522
6885
10141
2299
3101
8761
8184
11224
2333
12279
6377
5134
10396
11653
9316
12361
13220
10724
660
11646
12947
86
4153
13290
12196
1597
9028
12796
6396
12817
13219
9494
5430
9910
11270
10629
3527
12806
6534
14816
10586
4992
1590
1806
413
5181
5675
3816
14435
5123
14525
11575
14416
509
14010
2954
434
10105
9263
4734
11737
13961
11427
947
11820
2415
3375
257
1479
9024
7158
8704
10631
13027
10928
5854
4460
8392
10470
7898
8836
14648
1703
7945
5819
14594
9890
11805
12389
10188
6226
13969
10818
10036
1060
8085
5106
975
1133
5894
4503
5678
11631
1577
948
14258
121
13096
11581
2938
12926
4714
3689
7212
793
9521
14558
4868
14775
7799
3740
14008
9564
2071
805
3106
8437
3202
5408
9868
410
12655
13125
1508
1506
13774
61
8397
6048
6837
7203
944
5323
945
5324
7118
7117
729
931
7113
1589
14389
1805
5693
12805
2293
14547
7372
8765
11475
9629
13587
13588
9154
52
1994
1764
10602
11562
13324
3747
2228
10073
6359
7169
5395
8295
8294
2479
9186
9185
11831
10682
13747
2537
2899
530
1860
968
9199
4092
750
7202
9881
3656
1967
11560
7220
1898
2895
7377
9593
9495
12374
4973
6331
6358
10056
5775
2721
7981
10394
11687
5
13995
4305
12198
9954
2142
10569
13235
9522
5349
4222
13034
1458
1540
4706
5305
7493
4598
11027
4254
13280
10938
1576
13028
2273
9025
13805
3403
11618
4630
6750
12786
661
5711
12177
876
8731
7234
13238
5152
5182
14044
5632
8763
7172
1709
7330
8892
6196
7013
8762
525
3573
572
8701
14354
14848
7678
11821
14649
1240
1378
7120
11228
11719
14054
4580
9157
4075
12887
8700
12790
5330
14912
10822
1946
730
3650
2741
14357
10541
14262
13097
9027
2297
455
4542
7225
6734
8692
11216
3980
6864
2499
4385
3102
9504
1465
774
1997
4707
9229
5466
4235
2261
6532
4821
11057
8210
1132
6335
2286
7676
5136
9957
4484
5316
7370
14364
5192
8135
1795
6435
2295
12844
8124
10474
10529
10158
3399
12824
3435
11789
10722
7597
14670
2622
13806
7230
11684
10482
10409
10671
2582
14252
818
7160
3493
11925
5718
7200
974
6919
12099
13360
4098
8306
12270
7356
8809
7573
10730
10359
8182
4469
10710
2305
6712
5391
8082
10119
5712
6827
1345
6671
6475
11993
13955
5869
925
5791
12608
14632
12670
7322
5308
8698
11983
6716
6594
253
2247
12130
9542
10006
3471
9333
7171
10057
8451
10585
28
8576
1376
4501
7473
13974
4652
1504
1635
6288
14358
3142
11720
11431
3551
1447
13059
1302
11824
12438
3037
3084
11981
6722
1602
6624
4680
806
13985
1835
14029
1546
5755
7982
12039
9594
797
9960
5100
1784
12600
8106
1548
2248
11918
8825
10796
4567
9072
7931
10458
5941
1509
8742
11144
14336
3459
7210
1677
11742
13389
4086
9128
13759
2626
6428
417
14584
13195
5905
7983
801
4538
10616
7170
10432
9352
3992
10622
12823
12620
9510
12696
12699
3312
9908
11668
10623
3055
1547
6600
2661
13792
9561
12919
9604
12712
13472
11063
2891
14560
250
7822
5900
1608
12240
4967
4345
4656
2283
6034
6760
1954
5904
10632
10016
5256
12036
11616
1553
12040
9611
5739
5076
3110
1692
3135
4957
12997
9955
10516
796
12492
3741
3746
3231
13895
2384
4205
5429
4976
7827
802
10053
12927
9563
3444
6836
14436
14048
14328
5288
7948
12754
10826
5403
12885
9163
9567
9912
12038
14324
14691
14325
9911
1965
1964
14341
10894
12920
9556
5274
5377
5611
14326
6456
13245
4557
11794
1034
11636
14339
3918
9571
12034
14222
13084
5746
10111
2627
12921
10033
1990
9929
14818
2382
13216
13217
2140
3570
10937
10034
1935
11026
193
9084
1307
69
456
10021
3862
7041
4330
1796
12992
13402
7967
1670
11609
11399
77
12773
10596
12442
8735
1433
11388
11871
12893
13435
5244
1450
13252
11615
12923
9612
9108
1555
3536
6049
4874
3398
12274
2067
11790
1731
10095
7999
6215
7174
13109
7947
6951
8394
190
6726
6748
4626
2314
6031
12035
8075
6084
12815
6714
5243
11592
2658
4859
14350
7383
11096
8917
4203
14057
6068
522
8132
6030
3665
4794
13035
6241
11542
9923
12373
13032
6265
7470
1518
2923
6312
12381
3093
2628
1467
1031
14721
3688
5887
13317
12452
95
1526
12925
6297
6235
13949
5103
8554
11629
4313
7939
12456
923
94
10017
14337
14640
10015
14588
6004
9565
12931
12065
12229
10692
9962
10708
8590
12166
6131
13689
5179
9590
7007
6304
4314
5710
13746
2752
1494
173
9963
5987
411
92
5208
11891
6070
12930
12402
7115
8110
7591
11546
3750
7004
14685
7060
9961
13438
9562
3073
9586
14687
5209
12884
12437
1732
1682
8083
7577
12594
5740
9569
7849
4719
3544
5141
13916
10022
6239
1490
8381
5896
14058
1638
12550
29
7328
6453
14373
3089
12929
7729
13222
1623
6862
3173
800
7429
1545
10993
9866
12650
11106
9351
1598
5891
13547
6052
529
9228
11141
6713
3860
2249
3146
3734
7885
6411
14260
14353
12989
10709
5733
2821
9965
8572
9922
14817
14886
4536
7420
152
9350
1554
12922
13574
14639
9557
8998
14642
5943
10195
10027
13108
6487
13741
14229
3882
10439
505
14348
13385
13037
4555
12928
11565
5371
13960
12536
9198
7455
762
6327
9583
1562
9558
14625
7208
5635
3137
1457
14887
2419
12983
9412
9724
5131
8475
3934
7312
3144
11087
13404
4016
5944
3294
14548
6194
4083
11000
1391
6187
3150
6838
7083
897
10795
6376
4223
13428
14061
6585
3982
12838
13772
4472
1837
12078
9410
14064
14017
6008
7863
5356
13854
12271
3871
3956
13419
5538
720
133
185
14833
2
3310
12813
11203
12393
8754
527
9725
1891
8904
1343
14609
4755
14612
1647
4966
5266
4744
6568
8332
14033
10320
10540
12874
8069
7791
8489
10313
6614
3373
13445
7614
8096
5148
12323
11269
5531
12298
3307
10873
10906
6172
7747
442
6587
5309
9764
8343
9435
14036
7350
10372
5132
7486
2243
3009
8337
9990
12275
11310
6139
3241
9074
13671
6319
7457
6028
5374
11672
5058
9992
9141
9974
4342
10549
11255
4109
11946
9726
9413
14593
2534
5361
9520
7487
9519
3487
8207
7532
7098
1073
2059
13550
10330
332
3145
6309
9969
2274
2267
2328
10483
12324
2345
58
13420
3997
6555
13860
11149
11678
6447
15098
7618
11710
9180
6035
5449
7062
1114
8938
9684
3519
13578
14098
8486
5312
14961
13564
8426
2402
8897
1277
7028
13904
1937
12176
2824
6375
4056
2644
12657
9652
839
7884
1256
4256
12037
6320
3488
14453
3286
12586
2251
1329
396
378
2981
14309
9939
6021
9073
6379
8365
632
3374
15086
13650
9546
3232
3643
6562
8506
3108
13232
7038
6333
9303
2813
8388
14527
13244
7103
9239
8710
2818
11004
6410
11015
12487
14888
5097
14315
6026
13712
2544
177
6192
6558
6548
8690
6313
4499
11256
10565
896
1041
9481
2802
7126
9346
5332
11780
6563
10988
6790
14144
3545
5520
12262
1992
745
9210
9034
11567
8177
12235
12234
11778
2952
1193
8176
7307
12700
12257
7308
9994
3340
14543
3549
8972
7803
9836
9470
2881
5082
312
6039
3452
1222
14446
11111
8535
688
4131
9717
4447
12509
7376
6066
8608
8931
4760
11759
6440
12118
3040
2441
14088
11507
10196
11129
13926
9673
6561
9549
1531
9056
7068
3985
1565
1412
12303
2301
13341
10435
837
14626
11139
5756
8899
2705
13450
1091
5609
5798
1076
1144
2748
2588
5642
6681
9061
9810
2341
11634
1791
2894
13429
9453
13896
12054
1342
8389
1146
8206
10124
7524
9758
9432
4136
10344
10295
2785
936
1250
399
9508
1813
4144
1057
2747
11508
6719
12243
3285
2589
5265
5306
2500
5560
11118
6993
6884
946
3574
8990
5457
10289
12521
4344
6040
1309
14686
1672
865
9839
8855
9437
12412
1993
1783
5671
9487
8532
9393
8965
858
3954
7343
6041
6976
11309
4009
331
13897
1224
7183
5939
9624
3200
5063
9973
1148
12791
14382
10182
5895
11642
3484
1514
6144
1279
8524
9814
11647
11182
12936
2252
526
10484
14958
9987
5994
13344
3328
9455
2587
14782
184
8369
4127
6470
9471
10550
6171
8469
8606
3274
2880
3031
6082
6083
14223
10677
7033
12133
13177
3194
2439
13351
11777
10385
1939
1131
8991
8406
7975
11101
3467
13180
13340
7471
9653
14022
7026
14550
6420
13058
13088
14214
9975
3512
14035
11893
9865
10194
3628
5691
7034
13873
8787
5468
7988
10333
3569
2474
14537
5168
9445
9790
8818
12881
4123
3095
11611
14577
13789
14773
4122
11853
144
1923
4482
7369
6881
13601
3271
10433
6357
1766
1249
14627
6106
8860
7496
486
3499
2386
12706
12735
2326
11914
13586
3937
6497
943
10879
14206
1833
6690
9533
2738
8551
9617
10604
5514
5500
6385
3792
857
1610
9031
5734
14454
42
7617
2796
6156
12045
5143
6674
14124
14327
11202
1046
9871
2060
2685
7613
12450
4958
8538
14821
5318
13621
3322
3990
5521
1606
4145
2709
8290
10918
5293
13626
4076
12589
7589
64
4553
3159
3172
9579
14480
10037
5052
7335
9160
13436
4248
14433
13757
12932
1559
10657
11699
9705
8857
10737
3246
5597
7423
8751
7727
6923
6029
1840
9408
1532
1575
146
12985
8374
11003
1010
6373
226
7817
85
5724
12363
14587
10875
5940
14552
7054
8859
6525
1007
8213
1538
394
2555
8883
7818
540
12338
5813
6569
10774
636
13771
4430
2412
8360
11633
9672
3854
9382
2354
6942
6965
11547
13363
5264
12531
6549
1742
11035
14078
5236
13734
6678
7468
405
7421
26
14224
13692
8943
5667
8128
10978
8753
14118
373
1082
10969
13441
9677
6374
5218
13556
2798
3369
3861
2797
3590
1802
1617
6356
11199
6520
8359
3349
14071
9853
573
603
13648
14567
10092
7701
2335
7871
9863
6469
3276
1816
12349
10931
5206
5277
14861
9903
2793
11997
8528
9862
560
6193
10592
12044
12913
11524
9944
5990
2162
5066
10788
5488
1393
12560
12148
14288
7248
7953
5422
605
11006
13484
10921
12414
13872
9483
4172
953
7056
3023
4037
7010
14983
5073
6361
8323
3208
7881
6423
5701
7019
4920
11585
8796
13451
5979
6986
13469
1008
5735
11576
8405
13418
13917
2498
4481
14665
310
10002
6572
14615
8610
10300
9257
7021
7976
5684
5960
5661
7201
9469
1928
13797
6784
6168
7936
7564
5003
10769
12628
13269
7157
3191
1995
10877
1765
13083
11661
13884
10125
1331
5548
8784
14945
10561
139
1983
9029
4487
8641
314
7793
12299
8520
1767
3081
939
1865
9017
2908
11544
978
12883
6132
8125
14117
4090
3407
2157
2648
1738
13560
6842
1162
565
5942
864
6610
13442
3224
7934
6612
14956
4384
1098
8758
8244
7794
8856
1654
13625
2008
4352
5955
8491
4405
1052
5296
1694
11920
9274
13004
4101
3336
6133
11264
8778
11660
5375
5996
14084
8713
443
1823
6550
12305
14631
153
2444
13133
8048
2062
5616
2457
8178
3969
1165
10716
5645
1463
11100
5205
12180
7640
14551
9374
3632
12482
9659
11210
13742
8141
5553
6694
12366
9399
3065
9697
4319
3077
11856
7173
10840
9547
11084
1263
2490
1980
10
1831
2280
3097
5953
5331
1049
7646
11387
11235
11444
3581
8539
1115
2893
10869
10268
11450
13137
6972
7300
10684
244
1336
3225
899
13470
10736
9363
6689
11555
14207
9642
2401
861
13505
12359
2462
9773
12360
8633
11840
883
5339
705
3514
5640
5443
1116
1023
9405
4505
5007
6688
5688
5359
6531
5415
6931
9704
5431
1863
11885
12486
14402
1986
1513
14165
7527
7844
14800
11799
3944
3998
11236
2461
5263
6627
10787
954
1873
15018
2666
8137
6384
9859
7978
7921
2007
11378
11492
10324
351
5095
9281
10644
4089
14644
11275
1235
2121
3192
6009
2334
14383
10941
10999
2655
13825
7858
12718
9606
7852
1907
11353
5227
7721
7123
11557
6556
7040
13457
7596
8858
9373
1727
9306
444
8808
14622
14379
9966
5245
9167
3687
5276
1988
10012
8081
4988
5039
8233
13546
1985
10781
4737
2703
9068
5000
1126
7584
12917
14055
7592
2625
6887
7494
11512
7332
8061
13946
5452
1673
3181
3052
6642
5668
6567
10239
3366
9815
7213
6022
13834
7295
1528
2953
2336
10940
8450
9332
14197
6580
6903
9386
9680
150
1794
8790
1159
967
11307
6480
12530
5191
275
9181
8561
14836
10832
3786
1201
5358
13544
8962
9982
11173
8174
952
10764
14793
2529
9355
9635
8541
13237
6882
6425
5184
10870
12499
8714
7342
7784
8093
8822
8800
14445
10304
8986
8499
10414
14219
13188
14016
2003
4255
11007
1803
9341
8462
3877
4105
7191
8894
8703
13318
3591
8331
11166
12112
12448
706
14832
949
10241
297
9451
2527
12449
12155
9720
5222
4286
10997
12787
9713
1721
5509
9850
9479
4021
13620
6079
5450
126
2970
7022
7402
12268
3675
5010
4129
9548
27
8371
2285
15087
9220
5478
10900
3437
10003
11119
4951
12464
10373
9968
11938
1529
5910
5644
5268
11734
6529
13883
4519
9554
13781
14155
8205
7357
10153
11902
5435
743
14969
13664
6173
533
11467
8510
13282
6479
12994
3697
6686
10215
8537
7991
8509
893
10825
2531
8959
11833
7569
3205
13178
9824
8960
11568
8301
6112
8478
10085
11729
9280
3754
10605
12538
1699
3783
7181
5519
11685
5169
11451
3572
9812
9279
13153
3338
6013
13809
10608
8336
10830
4150
5433
12693
1473
8963
4511
9943
1832
254
2568
2823
11953
13869
1177
5938
7353
1819
7477
8138
14122
3367
10070
6363
13868
5685
3515
3190
12287
14001
7958
4340
6136
14592
10071
6496
5665
12966
12129
3283
7016
11330
11452
3601
9972
11640
11873
5319
5730
3953
4923
12145
3427
6137
11127
11438
14835
6493
7106
10920
12216
10867
2631
10734
5285
3025
5823
4135
43
9870
2422
7538
10813
13485
12420
9739
9420
9744
186
4024
11543
3915
9702
8891
14603
9401
3798
6378
5687
229
3450
5057
7693
9874
2783
12635
9817
1537
9703
9400
11809
13833
2031
12545
14143
9588
631
13273
6011
616
11394
8202
1668
11556
12470
11352
5133
4938
4910
14566
13909
14604
14598
8712
6064
10035
1763
3790
8577
9516
12394
5720
8989
4764
10747
12668
11143
174
5380
9406
12429
12982
14349
8766
7669
3685
12163
5105
6044
1464
521
9296
13570
12140
3713
14477
3511
10996
7331
352
5738
4498
454
5933
8052
13835
8420
11643
9894
5573
6576
3568
14733
5112
2497
12646
14630
12314
181
13554
13598
14167
9403
10746
9715
6599
4063
14307
9047
4561
9580
2808
7340
12517
6409
6573
2258
14391
9537
7792
2240
9650
6516
9368
2425
2698
3970
8232
6065
1011
12408
9752
14133
6006
9674
9383
5884
8757
12636
773
8797
7716
9921
9444
3385
14091
3669
2743
7828
7896
3943
4969
12866
8175
12705
3057
11709
13912
5119
9172
1019
8536
13081
5085
3765
6498
3927
7278
8011
478
9525
12704
5370
12708
8629
5400
9970
12711
8749
2460
6508
7806
14693
428
7260
14628
10607
9641
9361
1411
13530
12602
2337
5958
3832
2129
12212
472
2619
11434
3199
8992
11281
178
3347
5320
7972
10404
2957
14614
3994
5022
5628
6471
11440
8574
1874
8970
9893
3169
1492
489
9467
9833
14087
2514
7557
10916
10852
10165
11552
11551
9375
1578
10971
7877
14150
2632
6499
9842
2296
10219
1728
6697
10811
6161
11889
1001
11014
9474
2087
6793
10557
12903
256
2070
1260
8071
7580
3382
6097
14372
5404
13134
6907
1652
8130
10476
6431
13585
691
1268
14408
7780
3217
550
11601
7984
9402
13313
9707
9666
8222
2458
11005
3086
2346
12247
2629
12882
13984
13830
14119
1247
8890
11405
2706
7434
13867
12154
2889
11942
5459
12503
2271
8879
407
12507
3928
158
1398
12425
19
10754
8428
2097
11855
10874
882
3501
11724
870
2481
12601
10707
13857
1308
13100
9630
10907
14761
9838
453
5935
2368
3133
9454
12750
1599
9837
5646
9063
9927
5497
7476
5952
12144
6246
719
6060
6693
8378
8760
7449
6877
976
12249
10970
5067
4995
11332
5125
5965
2979
12278
867
8072
8404
3532
8416
11566
8850
11050
10349
1921
408
14120
8934
1030
3147
1866
9555
2636
13853
9769
9712
9740
7063
3596
5190
14283
12292
14623
233
2710
11008
14998
4879
12856
7091
5064
9462
5220
11066
13796
10770
12684
7512
8172
10262
7631
1542
6179
13551
1276
7390
1128
9468
5142
4912
14701
11354
8235
8300
6140
12441
2978
12215
225
10625
11305
3588
5518
6180
13487
1403
7338
3800
1047
3351
13733
1585
1112
8238
13802
8198
14211
7187
12285
8358
4225
11379
5511
8882
5702
14578
8812
7175
4111
5333
12675
6080
5381
1814
14637
1258
8786
10864
1314
6182
12214
8711
5579
8321
8460
1459
2754
6074
13748
7929
2427
12161
838
11589
5605
10719
1254
10783
7325
3777
14280
2774
5748
3473
469
8900
5204
8482
14412
11689
5151
3672
12315
3080
9577
13655
8732
12364
2414
2849
9694
2358
14659
1697
10704
6061
6403
5603
5613
9196
6339
439
3049
6540
15024
14225
5721
8967
2342
587
3395
8616
2486
12959
9845
12135
880
3497
9041
14561
3160
5178
9112
6727
13192
914
8941
1053
14293
11489
2650
14287
7989
10051
3498
9223
1360
9860
8768
4704
5540
1785
5899
9592
3332
1674
12505
5536
14385
5954
8889
6398
3814
5084
1729
5601
10471
9679
551
8562
4100
9834
9671
6387
362
11408
7861
10342
2641
12042
4106
13936
14392
14431
8236
11637
12644
9614
10872
3277
9988
9587
12525
10127
6255
9247
8525
9723
14535
12075
7860
319
490
9631
8500
12225
13204
5969
1192
13176
9339
14590
9457
2020
11443
3495
1957
13557
8370
1669
8465
6522
7237
5888
4343
9545
2465
845
8490
4231
7497
7238
9942
11573
12122
5903
9411
14763
1667
12395
14166
12400
8313
10089
8511
6427
7928
1718
8377
2212
4855
5237
7553
7959
5360
14479
1871
4151
5981
3394
6283
10849
10693
7380
9644
8624
5552
4033
6898
11283
6344
14451
1209
7069
6774
14601
4694
13908
11464
14316
5476
12681
12012
12756
13348
3962
11819
5396
13856
11657
5513
11852
10871
11060
853
15097
2520
6814
9616
13132
10226
5716
5714
11135
2146
7621
5641
12540
11098
8100
12093
2533
2327
5211
11741
2266
8881
11442
7651
10316
13928
1603
4796
11034
8351
289
6687
1353
11553
12965
5576
11049
11471
11469
3196
13901
12073
10563
1607
13783
13421
13709
4786
11466
6769
8203
4062
7155
12147
5617
9803
3209
8026
3518
11430
1987
9793
13753
3261
9446
9602
11907
5666
1385
1454
1265
12387
13708
370
2413
10679
1430
3541
13929
6897
3326
3671
1426
219
6777
4724
13637
11267
5027
2058
14395
11018
2903
11561
9314
7351
3608
9035
2366
5254
1435
11727
9218
7812
1186
3021
995
5438
7987
7358
8215
8022
8935
2317
8373
3592
13767
582
5523
8355
3621
7354
14154
1304
2242
298
14031
13214
852
1382
6787
9248
3035
12692
6230
881
8944
3222
14240
1084
127
7980
1574
3562
2888
4911
3908
412
13906
3198
14710
12974
13636
11554
12557
14759
10150
6326
3182
1868
12060
9637
9356
391
6143
5301
9913
6590
11768
659
5838
4
8814
11725
2029
5009
7962
9748
9426
7811
4971
3062
6169
8467
3118
9779
1655
12457
7706
14388
535
5773
2969
4477
2764
10816
5934
11514
12184
3530
5920
3129
2690
3999
10464
5373
9323
9440
9785
3155
12352
12978
13977
7786
4993
5167
143
1117
10582
3321
8740
684
11064
1636
4152
3193
7876
7674
419
894
11587
606
13900
2907
3946
4017
654
6667
9070
3269
618
1691
563
11823
8512
8671
13782
10998
5530
5146
13644
646
2553
5619
10008
9170
12715
7957
13609
741
2109
3165
13693
891
5138
14580
14507
2640
4711
5200
13973
9956
683
3890
2154
2543
5873
2291
10023
963
1303
619
902
9889
12444
3314
5594
14540
1991
5014
2524
3302
12658
356
588
2528
12348
1287
8642
5444
12409
1726
7770
12674
1754
14528
9526
13817
14931
10944
13870
14356
6007
9273
13839
8480
7926
14115
11895
13878
4417
14128
14134
1134
11433
13683
12284
1671
9077
11395
11306
5902
6186
4743
5004
11304
6643
3695
10352
3383
10011
2928
7847
1482
14359
13548
13758
13062
12294
763
1149
3074
9529
5310
5964
9826
13749
6974
1733
7534
11676
8543
7426
5128
1455
8707
9388
14243
14401
8505
183
9271
14284
70
7670
365
8470
381
3769
9595
6578
12055
13488
12799
960
3059
9551
5919
4551
9098
1198
10785
3044
5489
4937
5654
3211
4139
1113
1234
1646
14160
6920
108
5005
5460
12603
14585
14340
14532
1127
4138
14932
12707
5512
7406
4832
471
5453
6618
2749
4982
6338
9589
11314
9381
3197
14232
7997
7491
2171
4316
13406
9164
12915
12068
12000
12956
2964
2755
816
3389
2735
14375
2493
7652
6010
8289
1792
10597
7653
12759
12760
1495
590
8439
1550
5053
14313
12720
4907
11067
7407
7879
3280
371
11415
13998
9971
1141
1615
628
9528
2416
8341
9272
7129
14352
3503
8813
2229
3729
7563
5751
9527
3445
12793
4793
5717
5043
4867
14231
11510
8745
13913
14306
2744
9678
6059
9384
9051
4260
5069
4875
513
2525
5363
239
1275
7444
744
11659
2191
14015
9464
4007
8716
3912
9932
8340
8789
3670
13800
2545
3320
324
6577
6102
12774
11114
3914
128
1285
6666
8296
11412
1210
7555
8497
4847
7531
2551
9819
10609
6609
10075
6798
1383
1961
14804
8717
4924
14371
1083
4921
5108
8759
887
2558
3690
5610
2654
14141
2275
8023
4128
2974
5083
4668
4049
1204
12798
15109
182
7559
12209
1191
8659
3522
4660
10087
4669
10890
9640
4673
2466
11357
8853
10286
4514
11047
4928
13437
3017
14611
2688
188
8533
10045
5677
12539
11605
12439
15060
8750
7933
8946
13310
4662
1968
14169
2324
3284
2917
8522
7395
2742
2521
3213
8887
11172
11614
4775
9423
12961
1139
5012
449
8162
4163
6300
8686
7161
11897
6786
12468
1318
11497
5741
4308
12797
6801
545
11152
8166
12272
6452
323
6349
4752
5024
5574
9830
8846
8169
5101
1818
11944
9345
9344
3563
10837
2882
14695
7734
10912
2068
4830
8817
7498
6063
9343
9997
4000
6695
4125
13846
14524
7766
5757
4468
2096
6126
5110
3821
13630
6476
76
15008
4964
11655
3163
9354
863
3820
9514
12638
9513
6503
5394
5546
7949
12431
2905
4869
3472
8452
12510
149
8788
8192
3773
13763
1558
5936
3758
9237
12026
6900
8017
602
9175
12119
6658
2178
4716
14496
9050
12491
13861
8433
1065
664
13799
7848
4025
14678
9099
1573
5803
402
6651
3730
11271
4295
1609
9544
5124
8781
3018
7105
3646
14617
3381
2176
6000
142
2381
3014
33
2730
6317
4675
11303
879
11263
3728
5830
11697
5214
5215
3051
14257
13493
10272
2077
6530
13731
12178
2508
2996
8122
10939
12728
13415
8139
11413
10260
8422
14183
11505
9324
4068
5451
1063
5982
4364
13698
6602
2693
2517
8310
3941
9879
14692
13706
9852
2546
11093
3309
2522
14842
7677
11184
11975
1264
13141
8308
2038
11241
13760
6490
6372
7381
596
9591
10032
5528
5727
3060
5207
14849
1238
1418
7100
2843
7371
4174
3661
11617
11446
3691
447
14074
2303
5464
10292
13589
12942
1080
1587
10717
14463
11779
3960
1734
10086
4065
15039
7087
8805
13013
348
1855
14951
3157
14468
11359
13558
14113
7619
653
9781
13211
3638
14830
9675
13498
7508
5470
6088
4695
13951
5596
7666
2617
3976
14487
4681
3278
8309
3550
3973
4887
12322
14768
4096
14769
11019
11393
11252
9750
15107
12384
6325
2896
2788
1481
9147
1077
13079
14070
1689
13036
3481
14616
14801
6672
6055
12688
10892
1417
14368
14574
1164
7628
1700
5226
1719
1272
6382
7128
5577
13770
7235
12335
1110
4154
12194
5322
6386
7162
4800
13316
11884
10271
9161
14003
3482
8260
2053
2611
8485
12588
2410
9037
2472
3520
3716
9901
12109
2883
11265
4014
5382
6124
14676
4913
13855
3346
3032
12863
8142
13444
8583
2838
8997
5060
5583
3005
12890
1970
6767
14952
5384
12380
2535
6514
1194
2618
2471
7551
1290
1118
9233
5745
8794
4713
1157
6404
7472
9670
2237
3006
877
6027
11396
9433
6683
5901
5248
1723
4046
5983
7662
5881
14559
11460
9736
13553
8471
6773
13233
4693
5931
6584
13738
10829
4070
3748
12455
14820
1111
1979
1344
7077
7878
6771
4687
1288
9304
2443
14916
6788
12454
6362
10911
337
4269
1520
8844
3454
9380
9981
3533
5723
12190
5491
8866
14039
2195
10844
926
14749
1062
1515
12792
14256
3341
5019
2836
5198
8368
7503
3779
5736
7625
4366
3143
13434
1498
4369
13371
463
13122
14136
3757
8527
12478
1838
4310
10935
14009
5681
13958
13386
14428
450
2885
6105
5428
620
13879
15020
278
11986
4709
245
13143
4809
1601
6189
5779
11806
6975
4388
11491
6341
6351
11906
14880
6701
13128
12189
11834
12123
13942
3735
3272
3176
11911
2124
3508
12993
3517
14613
11420
8673
3342
3578
2201
11698
14239
3442
2913
11723
3410
3617
1887
7095
12653
14752
2884
7288
12138
12687
624
786
8415
1812
6811
5860
3560
12273
13374
13798
5589
1730
3433
14304
9447
8635
11822
11882
12891
445
8640
4858
8663
12076
15016
6390
6391
6392
6852
6394
13537
9835
5598
6575
12504
6023
2012
9367
9648
10082
1701
4466
187
12079
7552
11801
651
4712
13999
7560
5448
4467
5993
3819
10225
7241
9620
5754
2547
10443
3616
1280
2963
4061
2857
2986
9214
6367
3547
3664
10706
4167
266
7813
1938
4831
5670
12021
9305
6269
677
2906
13736
9486
11715
5929
1174
10420
5357
1762
409
2355
5340
2331
13954
7673
12590
9023
5875
4328
10184
1420
6632
3306
5907
8062
2482
5051
14056
2817
8234
11518
5582
5286
10068
13593
8063
642
3153
5077
53
1361
12727
8237
1632
5750
1491
3801
2408
1176
7517
607
12453
13568
1413
13803
9843
9493
11664
1947
10888
13323
1549
13971
1759
14745
8979
15102
9178
12077
14530
377
11257
3456
13471
3932
6513
1278
1618
11813
12683
663
13784
640
11259
5093
9109
7445
3989
7866
1200
14355
3961
3666
5194
3264
11142
9101
8705
8978
11410
3556
10756
4134
1414
5164
3909
9358
6764
9639
3324
13775
1922
13919
8170
1292
5682
14452
13049
6025
6024
6388
576
6085
14129
9097
11854
13847
4158
9428
3216
6958
7167
14075
11266
14699
9638
3709
634
2079
11125
8896
10407
7462
6036
7830
3483
4117
5565
7339
14377
7971
12639
157
10620
2874
3785
14131
7961
4146
2344
7341
8225
2159
341
5937
12582
6653
10757
14729
4001
14378
8875
2037
851
156
11287
3604
5021
3603
7749
8380
13702
7030
13405
2483
8304
14826
1544
5747
9907
7687
652
5456
7927
13699
638
10449
11099
8103
1899
5284
585
79
1930
5547
499
9754
12237
5392
5541
9505
12584
8387
9430
9584
7518
8059
5571
380
10406
6020
8523
7514
630
2175
12558
14259
822
11145
635
890
7850
507
11481
14702
10423
14417
8607
6017
5606
2491
13788
10665
3315
8028
6669
5590
7336
6380
3387
2614
817
7654
2429
504
5970
11767
627
230
580
10106
7740
2484
433
14529
1809
5055
1782
1958
11519
2376
11808
12526
10504
10236
10628
13983
13411
727
6633
790
13604
14073
3678
835
5413
2459
10815
11175
1953
3185
1215
13643
4079
14602
5210
1206
1203
13567
3739
604
9831
12690
6433
9379
674
9925
3623
3291
12074
12960
662
6528
5758
7783
5203
7142
6536
3127
12576
13414
5008
12286
9509
9979
2487
2455
6927
3766
13482
12016
3830
888
1196
3911
3599
3910
3207
3561
9636
8685
3557
8755
9934
5771
13766
1867
3026
6134
4250
2750
9212
3105
2310
3652
4970
1756
7501
14230
12886
1145
10249
9846
987
12673
10348
466
3907
3968
10972
9681
8626
2634
1039
154
6494
6847
2867
11928
1205
12743
3957
3235
1093
5299
9864
5980
14210
15063
693
14700
12347
14797
9360
14170
12615
1760
3618
14095
3379
4181
3626
12337
1273
10705
7633
6103
3289
13874
13858
8880
6850
4229
5566
4182
10347
9404
561
2630
9761
12136
6430
9434
13744
6135
7365
9926
6895
14938
957
5728
14138
3674
12132
7859
4044
10288
9706
2787
11190
12532
9256
300
5689
10878
13793
2432
4390
5072
3589
13409
7166
11558
657
8191
10751
13893
9937
6574
1839
311
6122
2909
7329
5270
13669
7510
5410
14140
7841
1745
3598
10836
3812
11080
8708
1259
5655
12031
2712
12167
10328
3206
5291
11537
7622
9634
3848
768
14476
2480
9914
8839
355
15096
8375
8344
14457
9005
14517
11912
5326
4357
17
4455
8802
1807
611
5697
1758
8094
8568
3219
13828
5269
11315
5664
9007
3298
12411
6195
6622
8326
3539
7940
7242
10768
7097
82
1612
7509
6929
7236
14269
13041
9116
279
4781
4846
14662
629
6090
467
2638
8911
7413
4020
9458
14108
13042
11214
1199
11041
1969
6659
6807
10854
4053
4095
14606
2972
12467
9857
3705
3916
12474
3981
483
5405
12399
9714
8312
12239
12973
8285
8272
9741
12258
14523
8163
4756
11168
6160
8263
14459
6791
12105
11390
14470
10508
8068
3622
4057
12975
4494
3837
13158
14794
2674
2539
8560
9799
18
2120
9791
8269
13646
7977
5698
4486
5401
5492
5224
10314
7286
3585
37
8843
13768
11814
10434
5056
2936
2847
4301
10462
10185
6650
10479
12328
3167
2202
11863
4953
4078
6051
8619
874
4318
564
5624
8284
14629
9171
8020
13533
6915
13300
1244
2892
5346
5144
9129
7267
8167
6473
13200
8620
4159
84
13820
10327
5886
14796
501
14471
13509
2075
241
5649
12888
10246
3684
12661
13927
13663
9695
1281
766
5059
6541
862
4022
6197
13517
2848
10951
10784
10741
2837
12598
14908
1714
4918
8456
7887
11713
14030
258
14156
12577
6943
5321
2006
7882
10511
7545
12778
3126
2833
1695
6668
10265
2026
6934
11527
14935
6894
9649
11935
2042
10753
2872
2011
3964
8262
855
8878
4034
14153
4717
5588
8675
1869
2914
14469
14123
6641
10499
7712
2943
5620
9829
1151
494
11766
13750
12522
9307
14090
6647
6127
7266
6543
6482
12524
3300
4425
13270
10492
12113
10143
3357
8221
10341
4404
7446
5561
14192
9277
10468
737
11211
13430
2238
11677
4321
6162
14101
13452
2198
12033
1339
6629
11299
13910
6155
3929
9298
12747
11319
2464
14384
12011
7461
10277
2810
12067
13502
9573
12971
12909
6293
2926
1821
14903
9124
1236
11667
3132
7807
8811
11876
9276
2984
1960
8598
5388
13838
3046
10696
6706
125
12463
13729
9575
7005
14619
11209
12128
4423
1054
14294
13818
12090
3038
10544
2430
8168
1884
1197
13152
11342
7246
9765
1056
5230
13520
3331
11083
4889
4027
14834
5694
13619
8227
14946
13840
6700
5556
3248
13187
10977
431
13186
3378
4288
6461
4406
5088
3794
3070
3363
12976
14023
10694
9906
10441
13425
3362
3983
9473
2556
12141
12008
11032
5759
5250
12301
4224
6451
5627
14955
7626
1262
4496
13446
10927
5926
3260
13338
6432
4986
8275
13562
12713
11140
11321
9308
9142
4002
11054
2030
3469
518
9804
8636
14941
12410
8803
11039
574
9728
12005
4051
9825
608
12587
12969
12134
5376
10442
6346
12331
4738
10794
7165
12794
10495
14520
8282
12751
13899
12593
4950
11419
14187
7244
8274
11874
12479
14096
2861
4820
9391
13531
83
7834
8298
1989
13196
8884
9613
570
2044
2021
12840
12972
11069
13479
14173
2156
8651
11328
9203
5344
6214
3576
3938
12334
8922
5564
13511
12477
6310
6037
5722
9315
2912
10619
12354
11669
12724
9201
7536
3273
5174
5183
10298
12520
13112
9134
3305
12680
8466
10752
8513
12283
4824
11384
11170
2616
7558
175
11632
13160
13370
12755
11468
3745
6495
1437
14505
3726
8674
4124
4691
4317
8328
11750
3447
5562
13787
5657
11476
8352
552
2955
6492
3162
8385
3042
1404
5140
4382
2209
9848
1843
1651
11887
1183
4119
11933
12689
11793
7405
8476
10445
1956
13617
5587
14168
14422
13832
5637
10738
11792
12570
1702
3252
5653
238
74
4084
10713
4035
5595
11134
577
5918
5367
3986
13707
8327
3043
12872
12871
7624
2835
10985
10273
900
14937
2962
6871
4522
13157
7671
1289
2983
4819
9809
8245
5418
7719
13590
13765
942
12567
2540
11308
12398
4175
14369
11773
7829
4173
11192
8602
2976
4339
13281
5447
612
8461
5696
484
4705
4679
11456
14819
14746
927
5416
5020
3386
6314
14335
10589
10952
1188
9115
964
3092
3022
13515
9735
11107
14694
9574
1064
12169
3024
856
12939
5421
5473
1147
12654
14531
12795
10044
8447
9818
5890
11167
5575
13490
847
14767
11511
637
5832
9414
11909
5225
8448
3221
4072
457
9718
14724
5383
12765
5495
8424
11233
2532
11832
13645
3640
9312
242
12905
6116
9767
8208
8311
9300
357
2197
8107
13006
3613
4411
3071
4077
4019
3942
9711
12952
2523
14400
7226
13573
12559
277
11343
9797
13528
12694
13668
1081
994
14953
11847
129
2868
12102
2139
8540
13891
13892
11103
14027
8401
13808
13506
3531
9576
12476
9676
11531
1293
14509
14007
517
10703
8361
105
7750
5686
2019
7287
8286
8559
10151
7960
10778
1282
3319
7130
14311
5186
3440
12001
236
12591
2684
3696
2166
7615
8521
13831
7523
5354
14455
3555
6308
3600
5307
14478
9221
11317
14079
5334
2288
3288
8689
11189
6849
3112
6817
4804
8687
9742
3259
14713
4742
7511
6783
11389
14114
342
6685
3400
8795
5255
9012
9856
1241
9006
13837
5543
908
12302
2840
15108
9275
12104
11931
9004
13814
9036
12518
7888
3203
10835
5389
62
643
12351
6012
4919
9924
679
13497
594
9882
9008
7606
9174
7411
5130
8664
11248
38
12185
1886
13894
5726
5126
11274
10020
14406
6217
11987
15099
3586
14176
9427
6142
7289
1658
2190
2043
395
8907
5213
12
11212
5289
8840
12319
10148
8115
2816
14754
10806
271
13827
9531
12697
1421
1825
10841
13851
14944
11155
10395
8567
12014
13274
7970
3428
1096
8357
13115
2023
5924
6383
1849
5797
11839
5785
13622
2369
12297
10306
1015
9260
1095
3702
10456
10581
161
5615
11311
1927
10793
12095
12058
6405
4012
8
12508
14573
9140
8625
4930
14747
11232
5329
10224
7739
11474
8484
14089
9993
884
2404
7134
3486
14473
2025
372
7604
5502
519
7720
13288
9216
2507
4732
338
11364
9645
15035
12672
9618
3485
14579
222
7627
7522
9278
10067
10856
11867
12392
6648
5417
5510
3183
9931
5118
10431
14100
13755
13624
9202
5153
5651
3356
6959
2901
9235
141
1257
6115
340
13561
11038
12083
13778
12121
8940
10280
14291
12907
11838
3474
3693
3195
2846
7239
326
10444
11868
8104
14106
6998
5650
3922
3667
13685
5006
12964
6483
7554
2035
14241
1827
12120
11208
11380
12069
5493
2890
6089
6813
6371
2687
1916
8292
13579
12513
3250
3813
9738
5537
13618
12321
2089
13381
10573
4996
520
9771
14515
3161
7454
14521
8264
14105
11400
3529
9756
9664
2168
8271
3234
8266
12951
7422
2511
4944
2504
9309
6163
680
6110
2002
3857
9947
14563
4080
1878
2664
11735
14709
11883
11593
6121
14779
13518
13849
9176
10267
9887
1757
9821
3090
14142
2864
3258
5311
7630
12071
3995
3214
7075
6444
7862
7623
11404
5525
5524
3262
14564
5462
783
9699
6421
2495
8609
6413
11671
12739
3063
481
14716
11013
2829
1231
9915
10718
6087
6015
11011
7741
11002
6515
14536
9287
8432
12080
12053
5763
3767
7344
6426
11445
11010
14159
14885
11582
3168
11048
3583
11097
8153
6616
3343
5442
6554
8194
722
13722
1693
6099
8479
4371
1488
2995
8226
13474
5156
9138
1977
3290
5364
757
12968
12637
617
2967
10257
1519
2873
11641
8507
480
14672
12432
8895
694
8861
502
11796
559
8189
6415
2915
3526
3013
11638
14666
11406
1253
14110
7932
6159
4488
11009
12709
8350
12009
14475
11506
14448
10666
9179
1453
113
1955
3058
13065
14948
5231
12179
14072
5170
11025
5503
13393
11910
14415
5959
3657
4916
13713
10987
13094
3148
2405
5578
12327
3653
13862
4201
12664
6684
9776
13241
13584
11952
14235
3775
4975
13240
1086
3457
6073
2239
11548
11812
7683
13227
1725
1888
11564
4936
14565
12052
12213
1181
14947
4004
1038
9940
9930
9996
2826
393
10936
9719
10065
12188
11584
7521
1942
689
12413
1940
10077
11583
21
6429
7544
9582
9978
641
9698
12678
5761
1207
3130
12403
4903
11559
5643
4984
5695
4278
649
8924
7526
119
2643
13876
14125
4422
1533
3721
3033
3825
11989
12003
8835
5185
3525
5219
9851
14734
4935
5972
13333
11550
13703
13507
7922
1626
1780
13681
8696
6945
13095
7548
11738
11696
180
645
736
3698
8002
4164
12010
13829
10263
14708
270
4541
9331
3201
14152
4048
7290
8906
8190
1297
3843
7944
3582
12397
12233
2701
1155
2696
100
12022
5129
3292
2820
1484
3566
9747
3204
9385
2339
584
2670
6014
14879
1370
13431
14883
7507
7250
5844
2933
12899
6830
2433
8000
6280
1962
3851
4377
5621
13093
3972
13394
13002
2375
13368
2827
4926
5232
12261
6125
14864
11070
12506
135
3772
15022
11277
13704
3158
3376
8951
11242
14495
9118
2100
9205
626
13523
10279
6185
3045
6342
6932
10922
10275
13947
14137
6450
3348
13836
6441
6537
1261
3178
11899
9770
5707
12846
9137
2577
8318
601
14492
669
2869
2918
5034
5956
12957
2343
2516
13682
15021
11350
14216
4362
2396
747
2801
8157
1487
1872
14069
14116
11901
2686
2715
10739
2367
10845
9751
5229
3975
749
5015
12631
9325
8730
6285
1527
3840
5498
2350
3931
288
12401
13208
14554
14863
6603
9252
1753
4341
6896
9888
9484
2150
1622
1461
3265
13885
3996
6661
7528
9011
6120
13
940
9816
14840
12535
12962
4721
8165
8564
9782
11279
8563
13629
9806
1943
3614
12785
3490
2541
13021
14643
2948
11162
4054
14130
14488
8695
12802
14711
3078
6218
11273
1944
3850
3491
8927
9980
462
4690
8915
5545
1137
7916
3699
4876
10253
14895
7247
12771
9665
8349
9916
8826
14444
8702
3771
5338
14111
10013
106
9622
3839
2956
4418
10948
11448
14157
6111
13596
12312
11483
9778
2841
5407
12170
8254
13007
1232
6146
10343
465
8669
7036
2569
7685
4040
8151
12404
1428
5911
5600
220
336
11341
5648
10697
4554
1298
5260
1409
9935
2831
13382
4337
9030
8723
6330
132
8558
9625
2920
6948
10949
7003
8847
13400
3156
3184
8845
1
3004
13732
12407
11053
9885
8769
12752
9995
9208
8848
1894
3707
714
12151
12777
6170
1166
7610
8557
11602
5796
12789
10649
3849
159
10838
7025
1422
12416
13422
10094
5454
13826
6158
12376
12853
14607
1313
2056
12483
10285
10991
7302
6649
13964
14112
11904
2431
13848
12710
7629
3496
102
13843
10356
970
264
9010
11762
9009
14753
9207
12910
10042
3329
2394
13499
9658
6926
14250
2374
214
103
6560
3468
7037
8019
3654
10933
990
8224
8926
12726
3227
55
6630
2034
555
12072
13813
14145
7029
7711
14586
1050
10934
761
10357
14290
9607
5679
11798
123
5201
5348
3299
12949
2675
1444
5297
15050
2552
9058
8973
9721
6936
12725
828
3327
3
6043
10670
3096
9249
35
16
8667
5567
11663
1427
7634
4234
9687
3287
12998
6092
5563
7556
13880
12066
8932
2828
11441
12549
12963
4863
6360
14233
140
10055
11498
3048
4259
13785
7985
1476
1255
10775
13455
13956
32
10370
13552
12015
170
14158
491
290
11371
14599
7760
2852
10846
9619
4684
3704
4420
11043
8542
3189
7756
3188
12566
673
14466
8842
2720
578
2363
672
4132
7218
3974
345
14094
9019
286
4066
751
12318
12489
701
4917
2530
5699
329
3587
2904
7506
14367
1541
6662
11059
13527
3682
8280
8160
13905
9543
10882
5774
2370
8918
2951
9919
5032
508
14026
13529
14370
4221
5298
8393
14040
136
8727
8694
1306
5122
6047
14236
3797
10427
14743
10079
8752
1885
2270
6364
2672
446
4003
10669
9450
8317
2015
10947
13001
11179
7396
14188
10345
3344
5744
3091
137
13151
2559
8423
8261
13330
10135
12458
11704
2992
6611
6615
2395
2513
1707
11040
14464
10966
1743
14266
14940
7484
10244
10297
7310
1002
5398
10113
3325
6100
6527
556
10205
12415
2442
9532
10805
9827
13066
2671
784
9327
10261
500
4991
1493
14556
6054
9230
8646
5172
5011
10742
7027
12609
10743
448
3420
12679
6673
11052
10144
80
14714
14467
10266
549
8613
6917
224
13140
13117
11455
302
13945
10422
13229
10673
1005
937
4471
13139
1025
9049
2028
8709
2660
14218
9700
11244
9120
8968
2946
36
2083
5674
3050
1040
6448
14081
6149
9669
8605
6977
7679
5437
12612
14386
1445
3852
6449
541
8201
4765
3270
3965
107
13723
8877
10276
9310
9
1189
12353
13272
3111
8164
10861
6956
9746
8498
13025
12152
8127
1355
1251
14314
7224
8429
13169
10397
7435
12032
1854
13816
5849
10393
11237
14778
482
11369
473
13730
5729
3864
9820
10269
14500
6635
11234
5223
7467
11722
5505
11340
3823
14107
5845
9184
8185
7321
3963
8729
12941
3237
221
7379
48
7152
8256
3788
10908
12391
432
2985
9766
13902
81
1897
11355
134
104
1169
4961
2934
6302
8183
63
7364
10088
13903
10307
8200
9794
112
12847
11499
3464
477
10668
10214
7611
8468
8776
4375
2538
7965
9466
14715
14253
869
10455
9362
3323
3236
1826
8961
10255
404
1016
2947
5923
8888
3088
9559
2949
166
2076
7529
15094
7530
15010
3505
8665
14664
5216
8383
553
12991
5474
4104
5445
9459
468
9891
9057
1474
5925
7979
9042
5837
4854
11770
1511
3865
9038
14126
98
14949
5928
6665
1305
7675
2436
10093
3242
1163
9188
6997
2434
6016
4392
4336
5839
13352
9189
3866
5555
13642
12377
1246
11665
7092
10284
3706
11502
5313
6113
14514
11045
6941
10047
6003
4909
13536
2994
5843
8464
5441
3279
8886
8411
5494
11191
14346
7346
8487
1045
1337
11679
2950
168
4515
9902
9668
3218
6042
12606
6107
12293
765
9783
11222
14458
13881
6075
6989
7636
1870
4894
4925
9933
10967
6402
3098
9121
2373
7198
13559
13146
8893
2061
6286
2000
11178
2809
5045
7366
14600
4197
111
5921
13680
262
15095
2542
15005
8630
11707
12063
4389
2942
39
3804
3152
2980
379
5817
8173
3595
10412
459
7375
6271
11711
6878
13516
5618
3215
6664
10018
269
12150
8582
13819
13525
1722
2863
138
764
7436
13569
3513
7304
5962
14208
3140
1534
5455
40
534
4081
2470
12583
9293
3829
1184
7475
13239
109
10823
4067
503
14076
1388
9762
6938
10525
8477
8481
6699
3710
2329
9686
56
10229
5880
6138
7222
97
12357
41
3372
11031
8639
10254
2919
9800
9869
12970
3229
307
11739
3831
4055
5604
6287
14082
8265
12061
4532
5259
11185
13667
10238
5811
10859
11712
5554
6117
10172
12146
162
6638
14740
474
7088
3405
5016
9792
13526
2877
9183
3880
6183
6663
3507
9123
8775
5050
3676
8322
15055
4954
7403
9667
3053
3226
1051
8773
8345
13952
7438
14000
1877
6625
3641
1402
14712
10066
10163
1876
6177
6634
7074
9651
14865
1415
11921
13684
11635
4074
2935
9261
7950
9369
14905
8534
8833
3238
9463
10346
3872
8329
13494
4023
13242
10424
13392
13077
13519
9749
13866
343
5368
451
10860
9822
12174
1883
13623
9190
733
3967
7269
13206
2878
281
13686
13047
5827
12738
6152
2680
11569
7660
13924
3594
8268
10355
13500
6445
2236
1048
9953
8171
8199
5202
285
12703
11841
6765
4674
8570
13888
99
13933
6579
1879
14191
10256
1185
9062
10686
7401
3064
5922
9104
13468
1107
1724
14360
941
2700
1340
956
6109
2506
13705
6108
11890
2027
25
7533
11686
13532
11337
3139
9808
4860
13535
5228
8916
13514
9734
7547
10779
3138
5247
10281
15105
13486
11046
7419
287
2803
13580
1152
11603
1524
313
2839
3540
2362
13456
2269
8390
12775
5001
6129
1079
8246
9823
5963
13114
13957
6184
1889
13934
2825
1153
14510
13543
11262
9690
4893
115
3768
681
10687
13388
14419
325
7355
1913
6259
13762
13495
13679
13127
10562
6093
7373
6502
10208
12173
5762
3504
14555
3230
4473
12004
13581
2879
6151
14717
14396
5508
12199
10381
12629
3919
1013
6078
11626
734
12859
4850
9288
10566
9692
13046
13503
9111
10081
10579
4454
5784
5715
1856
11600
10072
2941
3455
347
2526
10862
3795
9760
14334
4041
11036
10278
739
2550
386
8604
9777
6408
12776
13496
2927
6175
6501
8347
1230
11370
7071
13534
4262
7668
10485
11604
13453
12206
8925
11051
4807
12405
10206
1190
977
6909
11776
4963
375
6086
12227
1099
13401
9805
12516
2940
6045
2842
9701
10425
14127
14434
10107
10672
10193
615
873
1425
5826
14330
11333
384
2397
6613
5802
12006
10189
11339
14512
12719
7576
2009
267
12059
12064
6145
10041
6393
12810
1195
1089
12809
8279
11385
12967
6551
5046
7500
2518
317
14486
1434
8267
12488
3244
2922
7499
14347
13483
5912
13373
10080
5246
7323
989
8459
8458
2084
13022
11300
12723
9858
3263
4946
1070
6656
11503
8270
7456
9737
8764
11971
165
7076
4959
3463
8871
4403
10325
4043
10554
4121
4429
7057
13387
3991
14109
6067
3350
13398
10252
1706
9798
544
14608
10354
6535
6628
2435
3275
6639
5337
3470
1539
9439
14744
4544
7587
14803
7168
7562
101
114
682
7724
406
6708
14735
1018
13720
346
1423
13841
11797
14139
732
738
675
2844
13476
8324
14004
475
1182
8623
6148
658
167
9938
13205
12211
164
575
6419
2804
511
2854
14780
3787
1012
10767
4842
8372
3743
3240
7398
7122
9553
14019
1424
7824
14194
12378
20
9225
5458
5461
11673
9976
5336
7839
9775
14121
11207
4082
4835
8159
12783
9811
14172
8618
742
9936
1521
3524
9733
9813
12490
6130
1316
2001
10968
5629
14310
10096
9069
10282
3034
12201
5945
11360
11037
3815
12091
5042
4431
3888
3339
9643
13491
12070
9941
3303
9646
3434
8643
7188
13907
6204
600
3371
8885
14748
4032
6939
13777
671
3853
7672
4480
10858
11484
2519
5927
13987
13599
532
2944
9763
8771
15059
13606
6676
2855
12731
4427
1824
4199
3465
14390
13761
676
7125
11335
13067
4206
8578
5233
11800
3521
6174
1828
735
536
13395
557
591
875
3552
1649
10748
7002
4745
11282
10553
12428
12007
3030
546
3892
4955
12501
10780
14020
13721
4516
10681
2911
10258
3636
11334
3151
11662
12766
11044
11243
9110
9633
11523
9647
6591
3629
452
10509
11085
589
5048
328
5742
10321
9855
12223
2937
1696
4864
2133
1087
11772
4458
13423
2132
13284
10115
13408
6680
5061
3879
3449
3177
12995
13369
13045
6284
13524
11866
6596
259
9632
4391
12634
8303
13541
10913
1024
13591
13285
12996
13794
14795
12981
12355
11425
6157
11881
10688
11908
1006
1296
8283
872
644
10296
358
13076
110
3668
11459
10245
6621
7525
3708
13231
2018
6481
306
14576
9282
10909
8647
2924
11081
3413
11905
5258
14862
3253
10211
3154
8407
2014
5017
8276
14936
13014
10986
12611
6637
6328
12390
14660
10460
2509
10264
13342
12896
3239
8180
6994
568
868
4512
11344
6654
595
10377
13113
11426
10159
11522
6071
1929
13201
9755
13501
5239
4432
5638
8049
10097
6306
1125
9951
5150
15038
2886
5732
8628
5026
12541
12255
4790
13938
9431
9757
2971
11437
9802
4740
14656
5663
2557
2561
10052
7695
4999
6244
2447
7282
4267
11771
4137
7281
4596
15044
2421
9357
6395
1212
8251
11913
6601
216
1108
10946
5506
12841
9663
10063
2859
5522
1284
2448
12446
11280
4015
15043
6805
7561
10850
8549
1903
8434
8463
6946
424
13163
9359
2476
6210
6910
11490
8820
5966
9512
13460
12552
13312
7011
12563
10237
7042
12621
4977
13069
13662
11074
2338
10614
11320
7903
9302
6746
10178
12424
3577
14102
3041
7058
9132
7718
9193
9377
7905
6704
9600
14182
3921
4667
8816
7099
10868
7053
1710
4697
4792
13842
2853
3724
9294
13040
9977
2807
7567
7495
6775
2224
2216
12447
14077
11746
6691
14104
4778
14549
9691
2580
866
5683
833
4949
6861
9398
4702
12182
2172
8592
8688
13461
6859
7144
1611
718
9538
14202
11493
7093
3828
7163
633
6264
10491
4559
4865
2180
1747
12744
11692
4577
3593
4638
6294
4592
2596
13376
14204
8851
8913
11230
13298
5040
4571
14758
3744
6732
12396
8334
3847
6281
4587
8912
1496
1775
10744
14220
12865
9335
7568
1525
476
8981
12288
12165
2475
8660
6901
13327
10010
731
4236
709
4548
4359
13297
4518
3827
5976
11781
4464
4605
6489
5342
6212
2762
5436
6604
3796
11079
3039
10408
13714
15019
14456
1774
4602
3624
10380
5199
10914
10735
8218
4348
4334
208
11478
7731
2116
8188
7574
14854
11706
1739
14080
13466
2716
6354
9206
12276
12555
14203
7963
6820
10646
8117
14099
5636
11607
10059
7751
12183
7384
12734
11089
9227
13354
2389
3920
11329
4230
10521
2217
10574
9065
6964
4634
6889
14943
2010
12111
12556
4618
2189
10190
13397
12572
7582
6739
4610
2137
2292
8652
7723
10120
11936
4701
11382
10415
13464
655
7146
10887
9317
1119
10580
11859
10405
10652
10676
14661
6001
13462
6252
6729
4980
7775
4358
13301
10981
7186
11875
8502
8862
1211
6205
10303
10232
10234
13326
2591
210
9407
198
7800
9092
2651
3722
6605
1349
4005
3736
14917
2064
12494
12220
4932
12749
7692
6598
4612
7853
4890
9883
9114
11625
12877
2736
1295
6459
14987
2468
10001
3897
8514
9289
11292
10639
13024
5829
1227
14787
7283
1072
15091
2203
9250
12369
400
2725
913
3448
2046
2578
10100
4309
9000
4279
9107
4898
11598
7360
14234
9517
12523
10759
7649
4628
10299
10542
10685
2960
10136
7964
10731
4381
7452
15076
12127
14802
3933
3751
3904
6741
6592
3731
1772
197
8315
4116
10332
7008
1379
10545
2226
10447
5867
3620
1579
215
13670
14900
316
9197
9251
7279
14855
13303
6224
5343
5180
2392
1067
10250
13044
12868
13292
10960
12849
1999
2990
2119
1213
4060
12677
9945
1751
11845
10945
5385
12902
13191
7708
7427
724
11286
1214
10251
12889
10729
12822
1941
12857
1105
12217
7638
7543
4750
2086
7549
4304
6960
4735
5282
10726
6399
7502
14271
6999
14868
10711
4379
2080
3124
7318
8650
12730
13090
10584
9283
3414
5477
282
9328
2998
321
14875
9291
12131
1372
5793
4622
5836
8013
10201
12834
7067
8947
7570
4161
4437
10683
1299
10365
1535
1334
8552
10116
5639
8241
6906
11857
11297
1846
4828
14772
2118
10161
10310
2219
8143
7459
1769
7835
309
9245
4188
5992
4601
88
2930
14815
9285
3543
7272
3453
3987
9158
284
308
5175
4862
1516
5948
10750
7815
14247
2265
10857
907
11968
13311
8058
10855
1919
13877
3808
10233
12049
647
10334
4539
10642
8030
4603
1283
3662
12153
4769
7744
1773
10497
2488
7635
4838
9226
2677
10633
12253
7974
6937
11862
5780
7050
218
4729
10448
7956
5483
4276
423
5295
6987
8547
9052
3756
1570
4258
7781
1469
7764
3807
5013
9286
6233
12480
14068
1704
9895
597
1037
2188
4283
10317
2645
4463
14199
6808
7688
12295
4780
1351
8868
194
9095
13647
12187
1653
3516
14541
12581
4784
10571
1286
14425
14667
9087
9155
854
10853
8668
10733
5857
5833
8112
12821
11943
12762
6232
1367
14006
4851
12472
721
14689
14774
1043
7917
11323
4156
66
8014
13716
11068
318
6407
7790
8413
13260
13261
3478
14513
5353
5091
6243
11992
11312
5355
3949
9177
6735
4663
14635
1373
13661
959
10156
10128
11253
1779
14544
12845
4904
3402
8031
6216
13299
9002
9353
2284
15088
8018
4263
2340
11196
4324
11956
11644
4901
6855
2352
5908
11995
1356
10489
4844
2753
3634
4443
3431
5806
8412
10430
11843
4886
4478
4268
11827
7787
10821
9091
2309
15028
7754
6348
206
2781
2091
2206
8325
4837
13111
7832
6796
2757
775
11104
10453
9693
9389
9682
11844
6617
15031
231
4323
8145
10510
2653
7001
1363
3723
11392
4361
14302
14988
14490
9416
6930
14924
1140
10109
7930
4335
12485
12423
10839
5658
8876
13844
6282
13413
14841
1741
11078
13119
12157
4593
14975
12306
6336
4933
4402
5038
3658
8010
3509
2851
10223
4799
8193
708
333
9892
10634
1358
3846
3679
12251
10171
5485
11488
10865
10621
9898
12640
12496
9873
2579
7831
3123
14542
4710
8503
11381
5814
4537
12848
7681
9366
4857
7292
6848
10503
2090
2449
12534
13207
9236
13230
4419
3639
2681
9662
1665
4700
14135
1564
8966
11563
10217
14683
11373
9200
3810
9998
96
3806
13199
3212
3631
10776
5703
13148
6570
2186
10351
10598
11435
5913
11088
3803
9119
2939
14963
6150
6640
2183
6472
14979
2566
5776
1580
4118
1771
1245
2311
9096
3245
14788
10235
2931
1820
14319
5662
933
12695
4103
5425
5533
7275
4572
12850
13212
3694
7704
1857
5262
13380
13277
7193
5801
9387
1798
1815
6763
12313
4333
1788
9130
251
14270
2300
14534
7925
12200
7762
3506
8436
4849
13091
2866
12519
12466
14703
11962
14060
14296
14066
7206
296
3649
13718
9159
5725
2260
8870
11951
4841
12553
5157
14792
4277
12862
8869
7094
7795
10000
13165
10635
1004
4346
8007
2613
707
11682
10817
8353
13864
11186
3703
9295
6303
10889
3422
5652
7108
717
10437
15029
2585
711
7176
7505
3811
11757
8006
12554
7612
12426
12124
7051
5107
11788
9151
10287
8697
3900
11055
14174
6236
11504
14688
2196
1595
3971
4157
8356
11965
8783
12330
9660
2549
4747
4639
3419
11538
2136
12296
4659
9195
291
6291
3755
11090
10145
295
14770
12729
12662
13089
4575
3717
4069
5252
6332
3548
13988
10466
12772
1322
1122
12221
1233
2289
15006
14977
2114
3003
8097
1226
14228
359
1451
6873
5840
6595
8253
12835
1810
7299
3901
6559
14991
4326
10536
1978
6521
8029
4562
6832
368
10061
1274
4349
13941
4783
14059
11188
11807
7386
11745
2051
2599
7520
10290
3799
713
2646
7566
11421
203
12770
10149
1663
9244
1633
7017
11462
8101
2093
593
9872
11728
7192
8898
13915
3404
10429
7194
2932
5951
13427
4436
8699
8040
9148
320
14482
15032
3732
11509
4010
1804
6242
11486
12642
9337
13365
9113
9169
12546
13979
4190
2988
11917
7216
9021
2160
2652
820
11447
4845
905
8129
2403
8089
14034
2105
1333
11176
2115
3805
14730
2233
4226
315
3802
5625
1680
2312
12256
4811
14760
9254
299
7066
4983
9255
13098
4042
7579
13633
10291
13322
1332
9217
7808
6164
12250
4351
4094
440
4530
2560
8774
4058
5423
6962
12025
5805
10461
4833
8314
1489
11991
12195
4581
1044
14519
7458
14502
3686
12897
12618
2575
9211
11239
8823
12142
13258
13051
8154
12137
6552
8987
367
11091
7761
5490
5482
2562
9847
3027
9730
7197
13194
13019
8649
1475
13018
10058
5472
6992
4093
6222
2054
10896
910
5155
8004
12676
2254
4200
895
3611
4825
6323
2167
9417
3984
2965
2615
11791
13944
2218
13652
4424
11082
11964
6542
5706
14249
14954
3858
1664
3257
7136
13859
7433
15103
14397
12497
9475
8395
9884
9076
11029
14915
11470
5424
14226
950
3917
12828
8249
7020
3396
8969
11973
1068
3610
6872
7821
4688
14363
5704
8824
4400
7907
938
7535
1880
4808
2959
11930
11477
3361
6800
2194
14177
9126
3308
3781
12245
9265
14449
13639
8658
14765
12440
8829
5772
11293
8152
4165
15084
8012
4843
2734
366
712
3605
13061
3554
6588
14217
15072
4374
3412
4517
3228
9336
11423
9395
15001
7359
8587
2600
9610
2278
3426
13965
2991
710
5782
9143
7937
4943
4449
1375
12481
8515
4768
12096
13612
9105
4905
11694
1551
8983
3923
12860
506
8346
13078
7199
10004
2125
11649
9234
5096
2222
11804
5906
8147
89
5426
14892
1055
14971
12717
5630
5351
11012
6347
14918
13911
842
7864
15081
4877
1660
12094
3606
10655
9078
6486
12830
2325
13930
1319
11922
13339
6418
7923
1850
3895
14870
1933
9319
5825
12371
4698
2739
4112
6841
11980
12804
11016
12502
14681
14024
5822
12289
3476
12647
767
4416
10526
1776
13674
1431
4401
9131
1982
3725
906
12265
10626
1092
7137
13181
9364
8403
8216
14193
11730
5486
9727
1852
294
7440
13068
11915
12027
9322
1711
11945
13504
7639
8756
11858
8255
6316
12561
5570
7667
7700
10378
9985
2789
6843
13700
11411
10982
1441
3424
8550
8841
1026
14418
8914
982
14784
1793
50
8648
14501
8231
9539
2379
1327
7055
6305
3764
13743
2584
8910
12627
418
6352
4782
10851
7658
11331
15101
8670
8830
15078
8008
4798
7845
4253
2771
7409
4373
11879
13331
13335
10755
14275
7684
12445
301
5163
2597
5634
11157
1584
14268
15071
7428
9258
4929
3429
9242
4242
11290
14610
6273
11765
2205
10773
10467
934
8258
10983
2975
4699
4797
3902
7920
7873
15002
12310
7513
3642
5584
10689
14420
14706
1625
12574
8382
10802
4186
6337
3580
14460
12205
2017
980
2187
6833
14276
1761
9224
12741
9708
4827
14722
14301
13875
13225
3254
13863
4365
1438
11608
11763
15077
14771
14273
5799
6274
13764
8677
1786
4410
5831
4228
7595
7550
3076
7045
11205
6053
6245
10800
4282
12698
2759
5818
10979
4521
2586
10417
10662
12861
13197
7908
11174
5292
1690
11180
15100
1656
8721
14569
6644
10990
3718
12263
6292
4754
10538
7265
7293
1143
9897
3979
3913
10980
13359
8259
6705
10656
4718
7820
2870
11439
2181
4184
6924
6858
10690
12370
14462
4753
3266
5961
6985
4891
11138
6991
9043
11198
2200
8928
8095
12630
15052
12745
12435
4757
12057
13184
6500
13377
13005
5593
14942
13306
3408
8801
11916
7223
14508
2153
4731
14906
9192
13336
5864
3171
7632
6507
9266
12854
10329
1483
13172
8281
7205
3220
10567
9301
5700
11990
10452
8555
5568
1630
14741
11260
9262
3793
3121
9530
7032
2347
2185
6299
13171
13209
11932
10338
1017
4274
13320
5481
4088
10600
10943
15069
10389
10410
11751
2732
13940
5660
4728
2609
14414
7374
4171
4815
13135
11515
13262
2424
11362
8852
11718
11534
2013
487
4696
10636
10240
6290
5932
13372
13075
7998
7537
5572
7539
4489
11691
13182
11749
15042
7023
8939
11386
12218
13542
10772
13224
9080
12547
10973
5159
292
10537
7883
8108
586
14450
3417
7697
13223
8733
8984
4550
9173
13161
5777
8109
8363
7809
7910
1310
12604
10457
4246
10664
3673
4483
2989
6806
10177
9710
3733
3122
11755
10114
11383
4085
441
6779
10866
10183
1789
2778
4725
10827
11674
8600
6512
10880
5386
5469
512
3615
7306
8099
14889
6891
15110
11249
15068
14736
1380
8247
13173
10957
11349
1915
6969
15012
1932
6458
15040
11219
13972
14873
993
9015
2623
8150
12013
10133
7249
14839
8027
12839
3947
1715
7918
2467
14844
2900
8565
10031
6983
4776
14823
4677
401
542
8133
10301
4281
4170
13293
14474
10361
10050
7253
9983
12533
5018
4290
11872
7245
13852
558
14859
11201
10809
10062
1384
2768
14148
6868
6905
12990
427
2583
4018
11161
14829
3774
7451
8114
13074
59
7124
10590
13155
4444
12443
10601
10992
12543
8414
12028
14308
9878
13898
7895
2605
11754
6888
8493
1161
2041
14190
7417
14380
11136
9067
13923
1896
2215
5160
12248
11391
9425
1394
3597
13522
7101
3905
14189
10173
12607
14986
6056
8483
6547
2364
12115
8950
1639
2871
8398
3489
13982
14196
14950
2603
3451
8653
11313
7035
7644
4942
11923
7453
14899
14407
9436
4703
10833
4178
3770
14255
6822
14043
8854
10989
5753
9722
13361
6646
13362
12379
11229
11465
12383
71
8421
4749
4273
7294
7823
13057
7072
12569
13055
13508
7412
7334
1666
8632
515
3925
4050
6949
10025
13164
3353
10749
7843
8872
7578
2635
5345
12082
4244
2365
13116
2049
14201
13337
8278
14423
2862
13249
5161
614
1543
11756
12528
7707
8545
2607
2503
1616
12908
1650
2163
2179
14175
4297
7179
10227
9026
13070
4939
5853
13000
10834
4746
3625
4087
7031
12300
5054
2024
14254
2777
14922
10388
4446
7133
9371
12812
4534
10524
7648
13463
8288
12831
8119
10192
8724
12019
4211
10543
7733
10984
8508
11708
3117
10956
6823
117
12781
7691
1180
14968
5815
9628
4906
8782
2359
11289
10572
2134
7732
3630
11062
4533
15048
15049
5846
9490
11102
2204
5816
13305
10451
1106
8399
11147
3958
11485
10810
4816
7699
14083
583
3720
10638
10591
12164
5821
8958
14221
5824
8396
14755
11900
11218
6916
11120
2440
14038
13253
10771
14926
1634
6324
8120
14974
7825
1981
5676
7894
14966
8662
3719
5858
2763
13379
10798
13150
4393
12870
11077
5834
7189
4143
10138
1059
8903
4008
9489
1755
11358
2393
14891
6857
11760
9534
8725
8595
14853
10792
7645
14967
10137
1998
2428
11700
8722
6971
7995
5852
4073
1208
14790
13921
8041
4233
14896
13920
8785
8603
13349
8575
4097
13064
7924
12515
2145
10950
610
11356
7911
4284
13015
2571
14180
13243
8995
4739
14184
7935
13247
3939
3579
10112
3036
6692
8921
4360
361
14705
5878
2378
7906
13345
2775
13935
10532
7327
11941
2929
4611
4207
6740
14962
1178
10038
7450
12935
12087
273
728
2590
14227
1221
3001
1572
14776
13033
2916
5035
2158
11880
4564
13489
479
4196
3575
1847
2094
12101
14052
7915
5790
12645
7919
5267
14591
11623
3737
3903
8942
6002
3789
14545
9268
10732
4899
330
9191
9497
4026
10375
7492
1090
6101
538
7571
6967
6869
912
11892
5719
7410
13966
12779
7418
4177
748
2211
11714
11124
4434
8994
11972
12592
13356
8546
12614
9270
14146
15057
1321
6890
1716
2733
10463
13353
3966
7738
9984
9759
12451
4527
6523
11197
1335
5139
11934
2860
10930
3392
11939
10587
7540
4212
10762
5023
4045
4531
11802
1959
9321
11453
11675
13129
7642
4549
4761
7314
10624
726
9655
13492
4686
6258
4329
11848
6770
10248
7748
14866
13167
3845
10758
2602
2718
7768
2692
8681
7504
124
9018
3677
3715
14894
4028
5325
10421
12365
13737
5273
3047
11324
3436
10595
9001
567
9465
12788
7147
3663
5517
14516
10700
4722
7593
497
6979
6776
2772
13175
11436
7996
8339
6256
2865
2805
2182
13572
4751
12259
232
9828
8335
15062
9441
387
9786
5501
11999
6809
9745
4785
5861
6812
4292
10903
1170
1271
13539
6412
5690
11133
7759
7594
10842
13120
13378
1744
4727
7713
13458
4383
7541
4791
2601
1881
15025
14989
6966
5850
12746
5516
14171
8919
13278
9409
10915
6781
7378
4176
11842
11213
9570
10099
5257
2022
243
7151
4408
4914
2682
11126
3712
9989
11153
8874
6190
5487
3567
14405
10702
10910
2887
14634
11597
13697
7904
3906
3223
12024
9854
9044
5196
8873
15047
4741
4071
5029
12537
6462
13048
668
9156
2050
814
11160
12652
12666
6875
12484
2897
7280
12958
12260
6050
8806
13510
10157
1410
6350
6257
9518
15000
7890
7779
3762
13228
665
11775
9267
5387
9729
3072
14147
9135
234
4289
11861
14292
10399
7437
7851
4779
11998
11325
14806
10283
4306
14438
11630
13170
13226
2016
11458
7745
6191
8957
5379
12114
4052
1266
122
3637
15051
10469
11154
13050
7909
13054
2695
14399
2102
14
613
3700
10515
8495
2642
3542
14387
10606
8720
4414
3778
2207
7047
1158
6785
3494
3714
11318
13304
4219
14993
6095
955
14209
11535
12988
276
13473
12619
4347
1627
4475
1228
8679
12342
7441
10048
11251
554
8993
11960
5585
8693
11065
369
2673
172
1179
1604
6913
3930
8455
10026
14738
14553
5463
5366
14996
3393
11372
7603
14526
10274
10101
7952
13480
10084
13366
2694
14427
8161
8003
6586
2770
3186
11169
2122
7443
1749
14149
7315
13512
12139
5669
3354
3607
8148
8586
14181
5327
9841
6506
7009
9461
5094
9523
6422
7782
9774
9438
2078
8445
8364
11457
1328
5680
1160
426
6961
10863
3924
1882
7752
7992
8273
335
9013
4748
11849
2683
8025
10531
10848
10959
11810
6655
8728
12691
9731
11624
3388
11461
13521
9768
11375
13073
9299
6789
7663
211
11336
6607
13038
12950
13740
9917
7164
14725
11482
7715
14085
2231
2074
9060
9952
4947
8217
5127
10721
11316
7993
14430
11363
1582
14723
73
984
6879
8220
13607
11109
4773
5557
14424
430
10593
3644
2773
8408
14205
3170
9284
3267
14472
11117
11540
9780
437
10899
5238
5287
13727
6772
7590
569
9849
13735
1104
13540
3826
10691
5328
3345
13357
3293
5212
13145
8691
12156
12836
8627
7228
13215
3128
9541
11073
11095
5253
179
4770
6797
9397
8585
562
7096
6799
5551
13072
10454
14668
4771
4412
6780
14677
14934
13071
7078
3977
3988
4692
4767
9801
13416
12748
699
971
11345
592
3317
9964
6417
12202
4252
4968
1061
12475
9807
13131
11701
14421
5930
8410
11128
8299
9269
6821
6657
4922
11131
2832
169
15
962
5789
9452
4884
9657
13308
5909
3460
14343
6645
10076
14025
13256
13189
4708
3659
14739
11231
8637
5977
1323
1822
3301
758
2036
4413
8949
8501
6831
13268
13555
5235
7305
755
670
6815
4802
5446
2608
2241
353
14655
4723
4108
1220
13251
15023
13358
8746
1974
3759
10270
9605
3268
3760
3867
4399
14696
9946
4409
8976
4013
5499
5812
10243
12062
4892
13390
12193
14041
13948
385
12938
8831
11183
4962
10819
9125
118
13925
3926
12162
14366
2152
4495
9372
1239
3776
6608
1924
11071
4510
13939
4885
5507
10064
14195
7698
11702
12436
13396
14858
12852
3873
5432
14299
11639
4787
11811
4772
6370
12103
1892
14132
3087
3945
4355
3359
11736
2411
3782
9991
12562
13690
8287
2898
759
9967
13417
6794
6564
7846
1973
9429
14570
3075
10043
14682
12585
4759
5419
10170
4415
1925
14825
7460
9886
3950
10203
2620
6940
9696
7753
8441
5515
2767
9795
5957
4287
12406
3959
2621
13291
9290
14620
5581
11835
10901
6581
4513
9476
1485
8291
2315
12350
10337
7771
4367
1312
429
2697
151
6660
11374
6077
8747
6147
3028
11130
2945
13943
3233
4766
13673
10083
9482
13582
6188
8376
6828
5795
7735
2567
7872
7736
11846
2357
2227
8548
9840
8544
14657
2639
2048
4249
13328
6524
14404
1442
13023
1033
9689
13465
2230
13364
4529
13210
787
2489
2968
8956
12460
8584
11338
6914
885
155
12110
12421
13538
11238
2177
13126
1717
12980
7725
2564
10610
10923
11112
7086
13254
4940
886
5947
5995
1078
9259
13717
6921
929
5402
9709
5369
1750
11967
11094
6076
1596
11072
992
6526
11361
14403
4758
8793
5967
14750
2302
9127
12855
12814
12417
5165
14624
3763
1662
5475
6928
11717
7
8744
10121
8427
10648
753
11042
686
10904
14331
458
4641
6752
4107
11620
11621
12869
189
911
10363
4543
10191
10418
10505
14909
4285
11937
15067
7914
13271
14323
10699
10500
10364
10695
10176
13801
8473
4873
6935
14921
13375
12663
1936
9016
6439
4338
4191
10390
785
13264
11480
15079
6803
2689
4039
2910
14381
2598
1620
14376
10228
14179
11850
12320
1357
1291
3940
12610
8277
4421
10493
11656
12267
9918
9656
5656
15054
4291
10060
8494
5025
4547
7657
11784
13467
10305
6443
10382
621
14726
11520
13123
4730
14827
8815
13845
5788
1381
6234
8739
4433
10760
2776
5559
8661
7819
10368
7463
11752
2714
10740
1740
2751
4264
1014
8867
12514
7240
4266
8715
10667
7709
10392
11276
7875
12308
9039
1512
8980
6863
7211
2117
2723
8579
11731
8807
11782
5033
4130
991
9329
2668
2161
1218
4632
4535
7796
3365
5484
7024
3019
13250
14374
1659
8975
2647
2691
2316
13615
15007
14707
10302
10799
6094
6518
1123
13447
11092
1311
4896
10140
2406
3477
4508
11680
6263
8209
14869
15053
13666
1971
2594
10486
8666
1446
4812
12648
4296
4853
10728
7059
9048
1918
7368
4271
12236
821
2426
3874
14493
6566
4370
14277
7070
8741
7085
14920
2496
780
6876
7854
859
4149
14852
5526
10643
202
9515
9292
14881
2072
4217
7742
6466
14874
7391
2234
12803
7221
11245
8945
14884
3898
13651
8211
10546
13824
3446
13029
5036
2349
6467
1154
7680
1853
6950
2451
1020
2360
4597
4520
7139
4566
8038
4990
1571
1042
4823
8902
10617
7602
6826
12304
6978
12266
10647
7143
11200
4064
237
5217
10367
495
7382
571
3564
8909
11151
11969
10340
7599
2799
14985
10808
5173
8656
6353
10179
6963
10438
2453
5808
7180
7121
10831
7913
700
1628
1392
4238
3978
8964
5154
11785
12580
13168
6504
14867
1952
3360
13056
10727
5479
15070
15075
12498
11177
14764
5862
7414
13138
4493
3612
12986
2098
7262
11877
7432
6225
5352
11985
2973
7833
7404
12568
1895
9477
10009
5946
10494
7178
3164
3409
2850
1830
656
986
13166
10843
14097
1338
1103
120
11988
14506
14491
9456
8827
4678
248
752
12564
14698
3370
7889
7900
524
10416
9396
6315
2055
7757
622
4795
228
7048
10898
9609
12837
4303
10358
8982
3316
4817
7893
13296
14742
8780
11816
14212
1156
6707
4300
7519
7758
12763
2856
6166
11206
11418
909
5092
9106
4011
716
2092
3791
9376
3297
10118
7046
14856
9900
2214
6804
14295
14923
3364
8799
12617
14499
11870
0

